364.0
361.0
359.0
353.0
353.0
351.0
355.0
348.0
344.0
339.0
335.0
331.0
324.0
321.0
319.0
317.0
315.0
317.0
336.0
342.0
347.0
345.0
348.0
346.0
336.0
351.0
353.0
343.0
339.0
341.0
342.0
340.0
337.0
337.0
343.0
340.0
344.0
340.0
340.0
336.0
335.0
341.0
344.0
341.0
345.0
350.0
349.0
344.0
340.0
339.0
339.0
346.0
356.0
359.0
357.0
357.0
359.0
353.0
365.0
370.0
368.0
374.0
382.0
389.0
398.0
394.0
393.0
399.0
405.0
423.0
422.0
413.0
417.0
418.0
416.0
427.0
467.0
473.0
473.0
478.0
466.0
469.0
480.0
476.0
474.0
475.0
475.0
472.0
484.0
469.0
469.0
461.0
460.0
457.0
433.0
433.0
441.0
443.0
439.0
434.0
431.0
419.0
411.0
414.0
414.0
406.0
400.0
400.0
399.0
393.0
391.0
390.0
392.0
393.0
392.0
392.0
389.0
385.0
384.0
379.0
378.0
391.0
396.0
401.0
391.0
382.0
389.0
419.0
427.0
436.0
480.0
481.0
482.0
485.0
479.0
488.0
480.0
460.0
451.0
432.0
428.0
427.0
423.0
418.0
418.0
408.0
412.0
401.0
385.0
378.0
373.0
374.0
376.0
369.0
380.0
382.0
383.0
376.0
360.0
358.0
365.0
374.0
377.0
372.0
370.0
383.0
381.0
403.0
398.0
407.0
401.0
399.0
405.0
396.0
383.0
384.0
391.0
391.0
392.0
388.0
376.0
378.0
377.0
374.0
370.0
365.0
368.0
368.0
363.0
360.0
371.0
372.0
375.0
398.0
413.0
405.0
398.0
395.0
391.0
379.0
369.0
370.0
361.0
352.0
350.0
353.0
361.0
375.0
375.0
380.0
381.0
382.0
402.0
402.0
402.0
408.0
432.0
477.0
498.0
489.0
501.0
512.0
553.0
555.0
563.0
570.0
552.0
557.0
549.0
547.0
565.0
554.0
549.0
548.0
552.0
557.0
555.0
555.0
545.0
549.0
549.0
537.0
556.0
544.0
537.0
528.0
522.0
530.0
531.0
519.0
555.0
531.0
510.0
507.0
533.0
519.0
496.0
514.0
498.0
480.0
477.0
498.0
489.0
474.0
482.0
498.0
491.0
486.0
485.0
487.0
486.0
477.0
478.0
477.0
479.0
484.0
484.0
473.0
481.0
488.0
464.0
476.0
493.0
499.0
512.0
524.0
526.0
514.0
513.0
531.0
551.0
565.0
568.0
564.0
544.0
546.0
546.0
554.0
558.0
551.0
551.0
547.0
546.0
543.0
541.0
533.0
545.0
548.0
586.0
602.0
597.0
631.0
671.0
669.0
688.0
679.0
670.0
646.0
618.0
600.0
577.0
573.0
575.0
560.0
549.0
543.0
535.0
535.0
550.0
526.0
531.0
527.0
523.0
503.0
480.0
480.0
475.0
472.0
471.0
464.0
459.0
468.0
464.0
443.0
442.0
440.0
442.0
434.0
421.0
420.0
421.0
421.0
416.0
413.0
400.0
396.0
391.0
388.0
384.0
375.0
383.0
381.0
381.0
381.0
391.0
407.0
416.0
425.0
446.0
496.0
528.0
561.0
545.0
531.0
510.0
512.0
528.0
529.0
514.0
499.0
523.0
536.0
543.0
546.0
554.0
558.0
553.0
529.0
538.0
539.0
537.0
528.0
534.0
528.0
539.0
539.0
515.0
497.0
487.0
483.0
484.0
478.0
486.0
488.0
497.0
498.0
495.0
493.0
484.0
474.0
484.0
484.0
474.0
472.0
458.0
457.0
468.0
454.0
450.0
451.0
446.0
440.0
438.0
437.0
435.0
429.0
429.0
418.0
419.0
410.0
402.0
402.0
399.0
