3.2000000477
3.0
2.7000000477
2.5999999046
2.2000000477
1.2999999523
1.5
1.2999999523
1.5
1.6000000238
1.3999999762
2.7000000477
2.7999999523
2.5
3.0999999046
3.2999999523
3.0999999046
3.7000000477
4.6999998093
4.1999998093
4.0999999046
3.2000000477
2.7000000477
3.9000000954
4.4000000954
3.4000000954
2.2999999523
1.2000000477
1.7000000477
1.5
2.7999999523
4.8000001907
3.9000000954
2.0
2.5
2.0999999046
2.5999999046
3.0999999046
3.4000000954
3.4000000954
3.2000000477
3.5999999046
4.0
3.7000000477
3.0999999046
2.4000000954
2.5999999046
3.2000000477
2.4000000954
2.0
2.7000000477
4.0999999046
4.5999999046
5.1999998093
5.5
4.8000001907
7.1999998093
4.1999998093
5.0
5.1999998093
4.6999998093
3.9000000954
3.7999999523
4.5
4.0999999046
5.0
7.0
7.1999998093
6.5
6.4000000954
5.9000000954
5.5999999046
5.4000000954
5.5
5.3000001907
4.6999998093
5.0999999046
6.5
5.5
5.5999999046
6.4000000954
3.7999999523
4.5999999046
3.7999999523
4.1999998093
4.9000000954
3.9000000954
3.7000000477
5.1999998093
5.5
4.3000001907
4.5999999046
3.5999999046
4.3000001907
3.5
2.9000000954
3.5999999046
3.7999999523
3.7999999523
3.2999999523
3.9000000954
3.7000000477
3.0999999046
3.0999999046
2.5
2.4000000954
2.0
2.0999999046
2.5
2.2000000477
2.5
2.4000000954
2.2000000477
2.5
2.5999999046
2.9000000954
2.9000000954
3.2999999523
4.0999999046
4.5
3.0999999046
2.9000000954
2.7999999523
2.2000000477
3.2000000477
3.9000000954
5.8000001907
7.9000000954
10.0
10.5
10.399999619
8.6000003815
6.6999998093
7.0
6.0
4.5999999046
5.0
4.6999998093
4.3000001907
4.1999998093
4.3000001907
4.3000001907
4.0999999046
3.7999999523
3.2000000477
3.7000000477
3.0999999046
3.0999999046
2.5
1.7000000477
2.2000000477
1.8999999762
2.2999999523
3.4000000954
4.0
4.9000000954
5.0
3.5999999046
3.0999999046
3.7999999523
3.2999999523
2.7000000477
2.7000000477
4.1999998093
4.9000000954
5.4000000954
4.9000000954
4.3000001907
3.5
3.2999999523
3.7000000477
3.2999999523
3.5
3.2999999523
2.7999999523
2.5
2.4000000954
2.0999999046
2.2000000477
3.9000000954
5.8000001907
6.0999999046
6.4000000954
6.5
6.8000001907
6.4000000954
5.0
5.1999998093
4.6999998093
4.9000000954
4.0
3.2000000477
3.2999999523
2.7999999523
3.5999999046
3.4000000954
3.5
3.5
3.2999999523
2.9000000954
2.5
3.0999999046
3.4000000954
3.0
3.2999999523
4.3000001907
6.3000001907
6.6999998093
7.1999998093
6.9000000954
7.4000000954
8.6999998093
9.1000003815
9.3999996185
10.600000381
11.100000381
11.899999619
12.800000191
13.5
14.199999809
11.5
10.600000381
9.3000001907
10.5
11.199999809
10.899999619
10.600000381
11.5
11.300000191
10.199999809
9.1000003815
9.3000001907
7.1999998093
6.3000001907
6.3000001907
6.0
6.0
5.9000000954
5.9000000954
5.6999998093
5.5999999046
5.9000000954
5.9000000954
6.3000001907
5.9000000954
5.5
5.5
5.5999999046
5.4000000954
5.4000000954
5.1999998093
5.0999999046
5.5999999046
5.5999999046
4.4000000954
4.6999998093
4.9000000954
5.0
5.6999998093
5.3000001907
5.3000001907
5.0999999046
3.9000000954
4.4000000954
4.4000000954
4.5
5.0
4.5999999046
4.6999998093
4.6999998093
4.5999999046
3.7999999523
4.9000000954
4.9000000954
4.9000000954
5.5
6.0
6.1999998093
6.3000001907
5.5999999046
5.0999999046
6.3000001907
6.6999998093
6.0
5.5
5.5
5.1999998093
5.6999998093
5.8000001907
5.5
5.5
4.8000001907
4.4000000954
5.5999999046
5.1999998093
5.0999999046
4.3000001907
4.3000001907
4.3000001907
4.4000000954
4.5
4.6999998093
4.6999998093
5.0999999046
5.0
4.9000000954
5.0999999046
4.9000000954
4.9000000954
4.9000000954
4.9000000954
4.5
4.3000001907
4.1999998093
3.0
2.7999999523
2.7999999523
2.9000000954
3.2000000477
2.9000000954
2.2000000477
2.0
3.4000000954
2.2999999523
2.0999999046
2.9000000954
3.0
2.5999999046
1.7999999523
2.5999999046
2.0999999046
3.5999999046
3.5
2.4000000954
2.4000000954
2.2999999523
2.4000000954
1.8999999762
1.7000000477
2.7000000477
3.0
3.2000000477
2.4000000954
3.4000000954
3.7000000477
3.2999999523
2.5
2.2000000477
3.0
3.2999999523
2.4000000954
2.2000000477
2.4000000954
2.5
3.0999999046
3.0
2.7999999523
3.0
3.2999999523
3.7999999523
3.9000000954
3.7000000477
3.7000000477
3.7999999523
5.3000001907
6.6999998093
10.800000191
9.3999996185
6.0
6.6999998093
6.5999999046
6.9000000954
6.4000000954
6.9000000954
9.3999996185
9.8000001907
8.1999998093
8.5
8.6000003815
8.3000001907
8.1999998093
5.6999998093
4.0
4.0999999046
3.9000000954
3.5
4.1999998093
4.3000001907
4.4000000954
4.4000000954
3.4000000954
3.7000000477
4.0999999046
3.9000000954
3.9000000954
3.5999999046
3.2000000477
3.4000000954
4.0
4.6999998093
4.0999999046
3.4000000954
4.4000000954
3.9000000954
4.5
4.0999999046
4.0999999046
3.9000000954
4.0999999046
3.7999999523
4.0
4.1999998093
4.5
4.4000000954
4.0
3.7000000477
2.5999999046
3.2999999523
3.2999999523
3.5
3.7000000477
3.9000000954
4.1999998093
4.3000001907
4.0999999046
4.1999998093
3.9000000954
2.9000000954
2.9000000954
3.2999999523
3.5
3.5999999046
3.2999999523
