5.3000001907
6.0
6.8000001907
6.5999999046
7.8000001907
9.6999998093
10.300000191
11.0
11.300000191
11.699999809
12.199999809
9.6000003815
9.3000001907
9.6000003815
7.3000001907
7.0
8.1000003815
8.0
5.5999999046
8.1000003815
9.3999996185
9.1000003815
9.3000001907
9.0
9.0
11.600000381
13.399999619
14.399999619
13.5
12.399999619
10.699999809
8.6999998093
10.199999809
11.899999619
12.800000191
12.800000191
12.300000191
11.0
9.6000003815
9.1999998093
9.1999998093
8.6999998093
9.6000003815
10.300000191
12.300000191
15.0
12.399999619
13.399999619
13.199999809
12.5
14.300000191
23.299999237
25.100000381
20.799999237
17.399999619
14.600000381
8.6000003815
17.299999237
12.300000191
9.3999996185
8.6000003815
9.6000003815
10.399999619
10.0
13.300000191
13.199999809
10.100000381
7.9000000954
7.4000000954
7.3000001907
7.4000000954
6.8000001907
5.6999998093
5.1999998093
4.5
4.0999999046
5.3000001907
6.0999999046
7.8000001907
7.6999998093
6.0
7.8000001907
6.5
6.3000001907
5.4000000954
3.5999999046
3.7999999523
4.0
3.5999999046
2.7999999523
3.5
3.4000000954
3.5999999046
3.2999999523
3.5999999046
3.5999999046
2.9000000954
2.7999999523
2.5
2.2000000477
1.8999999762
2.4000000954
2.9000000954
2.9000000954
3.5
4.0
4.1999998093
4.1999998093
4.4000000954
4.5999999046
4.8000001907
5.0999999046
5.3000001907
5.5999999046
6.0999999046
6.5
6.3000001907
6.4000000954
6.4000000954
7.4000000954
10.600000381
14.699999809
18.600000381
24.399999619
23.5
19.700000763
18.700000763
18.600000381
14.600000381
11.800000191
6.8000001907
5.8000001907
6.1999998093
5.0999999046
4.5
3.4000000954
2.0999999046
2.5
3.0999999046
3.0999999046
2.5999999046
2.2000000477
2.0
2.4000000954
2.7000000477
2.5
3.5999999046
3.7000000477
4.3000001907
4.5
4.5999999046
5.4000000954
6.8000001907
8.0
12.399999619
12.0
10.199999809
10.399999619
8.6000003815
7.5999999046
8.8000001907
9.6000003815
9.5
8.6000003815
8.3999996185
6.0
5.9000000954
6.5999999046
6.0
6.8000001907
7.5
6.1999998093
5.1999998093
5.0999999046
5.6999998093
5.9000000954
6.5999999046
8.1000003815
9.1000003815
9.1999998093
5.0999999046
3.5
3.5999999046
4.5
4.6999998093
6.4000000954
6.6999998093
6.5
5.0999999046
4.9000000954
5.6999998093
6.0
5.5
4.3000001907
3.2000000477
3.2999999523
3.4000000954
3.0999999046
3.4000000954
4.0
4.5999999046
3.9000000954
4.0
5.0999999046
6.5
8.3999996185
11.300000191
11.199999809
12.600000381
17.700000763
20.700000763
18.899999619
18.899999619
16.700000763
17.899999619
17.299999237
13.100000381
10.899999619
7.5999999046
5.8000001907
6.8000001907
7.1999998093
7.0999999046
6.3000001907
6.5
7.6999998093
7.8000001907
7.6999998093
7.9000000954
6.5
7.1999998093
8.0
3.9000000954
3.0999999046
2.9000000954
2.5999999046
2.7000000477
2.5999999046
2.2999999523
2.5
2.5999999046
2.2000000477
2.2000000477
2.2999999523
2.0
1.7000000477
1.7000000477
1.7000000477
1.7000000477
1.6000000238
2.2999999523
2.2999999523
1.7999999523
2.2000000477
3.5
3.2999999523
2.5
3.7000000477
3.7000000477
2.9000000954
3.4000000954
4.3000001907
4.6999998093
4.4000000954
4.4000000954
5.0999999046
5.3000001907
5.8000001907
5.8000001907
6.3000001907
6.5
6.5
6.8000001907
7.0999999046
6.9000000954
6.5
6.4000000954
6.0
6.1999998093
5.5999999046
4.3000001907
4.4000000954
4.5999999046
4.0999999046
4.4000000954
4.3000001907
3.5
3.0999999046
2.5999999046
2.9000000954
3.0999999046
3.7999999523
3.5999999046
3.0999999046
3.2000000477
3.0999999046
3.0
2.7000000477
2.4000000954
2.5
2.7000000477
2.7000000477
2.9000000954
3.4000000954
3.0
2.2999999523
3.2000000477
3.7999999523
3.4000000954
3.2999999523
3.0999999046
2.7000000477
3.0
2.5999999046
1.6000000238
1.5
1.5
1.6000000238
1.7999999523
1.7999999523
2.0
2.0999999046
2.0
2.0999999046
2.0
1.8999999762
1.7999999523
2.0
2.2000000477
1.8999999762
2.0999999046
1.8999999762
1.8999999762
1.7999999523
1.7999999523
2.0
2.0
2.2999999523
2.5999999046
2.2000000477
2.4000000954
3.0
3.2000000477
3.0
3.2000000477
4.0
4.6999998093
5.1999998093
4.9000000954
4.5
5.0999999046
4.9000000954
4.9000000954
5.1999998093
4.6999998093
5.1999998093
5.5
5.4000000954
4.8000001907
4.3000001907
5.3000001907
7.0
7.6999998093
8.6999998093
12.5
21.899999619
8.6000003815
7.6999998093
8.0
7.3000001907
4.9000000954
6.4000000954
7.5999999046
8.0
7.9000000954
8.3999996185
7.8000001907
8.1000003815
8.1000003815
8.3000001907
7.9000000954
5.9000000954
4.0999999046
4.3000001907
4.0
3.9000000954
3.5
3.0
3.0999999046
3.0999999046
3.2999999523
3.2999999523
3.2000000477
3.0
2.7000000477
2.7000000477
2.9000000954
3.0
3.0999999046
2.9000000954
3.2000000477
3.7000000477
3.5
3.9000000954
3.0999999046
3.2999999523
3.5
3.7999999523
3.7000000477
3.7999999523
3.9000000954
3.7000000477
3.7999999523
3.2999999523
3.0
2.9000000954
2.9000000954
2.5999999046
2.4000000954
2.2999999523
2.5
2.5999999046
2.5999999046
2.7000000477
2.5999999046
2.9000000954
3.0
3.5999999046
3.5
3.2999999523
3.0999999046
3.2999999523
3.4000000954
