37379.0
32697.0
27298.0
25973.0
20395.0
15456.0
15924.0
17256.0
18000.0
17373.0
17146.0
18380.0
14663.0
16223.0
19216.0
18379.0
20015.0
21856.0
34471.0
35911.0
30764.0
39320.0
46621.0
41432.0
28887.0
31913.0
29484.0
23755.0
23299.0
24588.0
26795.0
27130.0
23087.0
20645.0
25444.0
25527.0
20110.0
22990.0
20960.0
22333.0
18526.0
24037.0
36239.0
48214.0
51651.0
26384.0
25561.0
19835.0
17445.0
20697.0
24252.0
32489.0
33840.0
45090.0
38751.0
33852.0
22570.0
30435.0
52072.0
57822.0
53667.0
56644.0
65271.0
71798.0
85676.0
87411.0
65730.0
60503.0
68687.0
83852.0
86977.0
75785.0
65375.0
75439.0
68107.0
64615.0
81634.0
78504.0
101253.0
100654.0
87806.0
116602.0
123391.0
124091.0
122523.0
174702.0
167158.0
167872.0
174591.0
145394.0
169108.0
148344.0
169254.0
149984.0
128653.0
109641.0
69211.0
84291.0
76834.0
69155.0
66656.0
56080.0
73227.0
71812.0
65834.0
56624.0
54534.0
49958.0
40216.0
42737.0
47758.0
48072.0
51890.0
55618.0
53978.0
53651.0
57375.0
60935.0
54357.0
37189.0
23371.0
32644.0
34288.0
41409.0
35068.0
35980.0
56930.0
93097.0
88274.0
162509.0
209205.0
260943.0
256039.0
233534.0
212868.0
182407.0
85872.0
81275.0
72058.0
70335.0
63272.0
53829.0
60503.0
36635.0
33097.0
33925.0
44216.0
51122.0
52287.0
55405.0
51019.0
50833.0
53817.0
47459.0
50661.0
32728.0
31726.0
29163.0
40352.0
36454.0
35969.0
33815.0
33188.0
36212.0
32884.0
42437.0
49131.0
79437.0
80664.0
62481.0
34742.0
33443.0
33430.0
34563.0
34459.0
37239.0
32275.0
32080.0
36981.0
33580.0
17618.0
14031.0
13699.0
12655.0
13201.0
29061.0
49646.0
48098.0
46982.0
27815.0
44028.0
39477.0
32632.0
30637.0
12484.0
10324.0
7356.0
6887.0
9638.0
15302.0
17320.0
12443.0
12542.0
13937.0
13466.0
13361.0
16920.0
25443.0
26770.0
22802.0
26386.0
42845.0
75224.0
120573.0
117287.0
144295.0
170117.0
203362.0
231697.0
192433.0
297773.0
280269.0
347249.0
333111.0
295916.0
303462.0
296802.0
245614.0
333549.0
264285.0
193878.0
185374.0
140289.0
108806.0
94857.0
87657.0
124345.0
112306.0
94494.0
117573.0
123397.0
96428.0
91548.0
90361.0
108521.0
95145.0
97646.0
93810.0
97651.0
118660.0
163178.0
150892.0
99947.0
113328.0
171026.0
163820.0
129043.0
149938.0
131512.0
108790.0
102292.0
116260.0
148995.0
133801.0
127201.0
128969.0
104607.0
115039.0
115590.0
114285.0
115342.0
121137.0
109789.0
110635.0
112953.0
112859.0
120719.0
120985.0
101018.0
137489.0
128585.0
130389.0
161989.0
159440.0
175437.0
173578.0
176005.0
134108.0
113491.0
122406.0
166656.0
181057.0
196768.0
159521.0
184942.0
150474.0
157224.0
133185.0
116763.0
111406.0
120958.0
118993.0
113552.0
132823.0
116064.0
105335.0
123996.0
155512.0
185243.0
196514.0
195539.0
186799.0
211314.0
229766.0
204054.0
177081.0
146446.0
131114.0
106978.0
107149.0
105462.0
115364.0
102963.0
119854.0
122250.0
100530.0
105766.0
98792.0
114537.0
101070.0
101814.0
87910.0
63422.0
70763.0
77475.0
78886.0
74758.0
77324.0
80485.0
64742.0
48729.0
62502.0
74391.0
55971.0
56559.0
54683.0
45024.0
45396.0
45124.0
36795.0
45341.0
45847.0
43311.0
43083.0
42466.0
44156.0
43747.0
43162.0
40985.0
48475.0
47922.0
47075.0
44118.0
44595.0
35598.0
35099.0
67592.0
110725.0
149973.0
134697.0
131573.0
241587.0
276217.0
276870.0
248908.0
245911.0
268464.0
270204.0
253315.0
255348.0
252140.0
169677.0
144411.0
138292.0
133291.0
132237.0
125992.0
118886.0
129232.0
136343.0
160804.0
140281.0
134733.0
127425.0
121027.0
116315.0
113019.0
102999.0
92959.0
85153.0
90719.0
109358.0
90306.0
96787.0
87371.0
96464.0
96976.0
96109.0
98677.0
97577.0
78166.0
75304.0
73252.0
71810.0
74645.0
77826.0
88104.0
64200.0
52098.0
48944.0
51618.0
49031.0
52049.0
52663.0
46292.0
49227.0
49238.0
62963.0
61531.0
53579.0
42132.0
54697.0
52152.0
