	BrMin	BrFactor_ADAPT	PoyntingFluxPerBSi	LperpTimesSqrtBSi	StocasticExponent	nChromoSiAWSoM	rMinWaveReflection	realization	pfss	UseSurfaceWaveRefl
0	9.786002587	0.663890855	627477.0748	281445.0651	0.127047291	1.578530E+18	1.152832013	0.727272727	1	1
1	1.590428385	1.42413834	307670.4156	225304.8284	0.294030511	4.567323E+18	1.102447891	0.363636364	1	2
2	6.212331965	1.003022277	351995.2234	136447.176	0.330024691	7.424349E+17	1.169549707	0.090909091	1	1
3	3.563326197	0.581093181	408669.8372	172381.7852	0.184033553	1.316150E+18	1.155343821	0.272727273	1	2
4	9.23930577	1.307543416	450208.5302	126236.9991	0.191910071	4.091039E+18	1.109828719	0.272727273	1	1
5	1.087390904	0.89869488	462564.6615	295539.5171	0.143014446	3.018366E+18	1.100655012	0.454545455	1	2
6	5.044858684	0.550009916	779931.6622	100230.7196	0.257210905	4.175052E+17	1.177377326	0.545454545	1	1
7	4.935757723	0.69865034	538828.4126	149443.6491	0.284117733	3.860614E+18	1.076321852	0.363636364	1	2
8	2.901465974	1.781089588	331966.7041	118390.902	0.324354288	2.732932E+18	1.167012694	0	1	1
9	4.076198598	1.135526209	364735.979	236813.9022	0.275035316	1.498124E+18	1.186329001	0.363636364	1	2
10	7.281993353	0.818014945	693867.2842	185379.7153	0.198066627	4.481058E+18	1.107566518	0.272727273	1	1
11	8.746327104	0.748751527	319922.136	57256.79543	0.221051483	3.522941E+18	1.170625626	1	1	2
12	8.007088313	0.600414681	946344.945	156293.7567	0.206577629	2.028524E+18	1.19178172	0.090909091	1	1
13	3.360737755	0.91565448	610227.944	248243.1755	0.336242866	4.930625E+18	1.141738242	0.090909091	1	2
14	5.16516549	1.171831407	331194.295	192063.2046	0.139202769	1.946515E+18	1.165667625	0.909090909	1	1
15	2.012370969	0.715445113	384915.2237	102147.3433	0.117327852	3.371629E+18	1.198770698	0.454545455	1	2
16	4.268545944	0.652628333	715139.9786	62865.13751	0.149532684	5.661978E+17	1.168356401	0.090909091	1	1
17	9.676204277	0.868720301	429016.5015	205583.7539	0.27861379	2.868244E+18	1.191368239	0	1	2
18	1.4659852	1.084812939	512398.9291	284439.4537	0.201878245	1.084135E+18	1.137170542	0.363636364	1	1
19	5.711870494	0.799292313	553522.8245	77460.8659	0.181565662	4.309028E+18	1.174392643	0	1	2
20	7.162355513	0.613045782	498565.6505	261240.9047	0.290101761	8.674797E+17	1.105099006	0.181818182	1	1
21	8.236026093	0.952605767	524656.7419	116242.9859	0.13306086	2.430284E+18	1.162277427	0	1	2
22	0.034959924	1.269888364	441764.1213	36859.06522	0.326337196	4.242666E+18	1.141713308	0.090909091	1	1
23	7.688696289	1.390074899	397559.7588	271071.83	0.187729328	4.717797E+18	1.117041775	0	1	2
24	0.894489405	0.564010592	667268.7618	219678.2786	0.234754666	1.730171E+18	1.136606442	0.545454545	1	1
25	4.5084431	1.034351699	343545.1014	90457.41159	0.195832425	2.926109E+17	1.194556829	0.363636364	1	2
26	9.124931712	0.68536084	801543.9298	165004.4893	0.321632311	3.072984E+18	1.196312236	0.818181818	1	1
27	3.353913063	1.329648294	324341.6296	296092.7777	0.107056712	5.830312E+17	1.118500387	0	1	2
28	8.84309764	0.571627555	365981.9784	65379.07912	0.156417133	4.408142E+18	1.148776936	0.454545455	1	1
29	7.368172652	0.760874907	734097.0717	159505.4436	0.124857287	1.902713E+18	1.199387704	0.545454545	1	2
30	1.497135903	0.957694109	423345.522	236297.8486	0.235774352	3.931692E+18	1.100045269	0.909090909	1	1
31	2.651220157	0.622781502	597093.668	107109.9763	0.213755514	2.945523E+18	1.129602772	0.181818182	1	2
32	4.013280494	0.808845839	455407.748	231063.2756	0.314279168	2.202823E+18	1.182307273	0.727272727	1	1
33	8.164561295	1.096541615	410695.5606	134824.8239	0.309279237	3.178008E+18	1.073263375	0.727272727	1	2
34	0.124783036	0.873890443	530696.0303	85000.37275	0.112267528	1.394925E+18	1.086996795	0.727272727	1	1
35	7.773510143	0.722882167	686619.1443	255920.3416	0.251798241	6.654976E+17	1.183714098	0.545454545	1	2
36	0.828090918	1.517015398	353239.7922	166520.4704	0.208537587	3.682417E+18	1.096219453	0	1	1
37	6.349612207	0.927145392	312088.4787	127764.4649	0.167905347	1.657233E+18	1.173778952	0.909090909	1	2
38	2.206954272	0.593225029	844714.6295	272456.498	0.282103635	4.108325E+18	1.171457548	0.454545455	1	1
39	9.738970911	1.617818721	338343.9763	262883.6646	0.310590631	3.230827E+18	1.159102524	0.363636364	1	2
40	1.694919004	0.758131921	621820.9846	177175.5256	0.147401392	2.150828E+17	1.123366337	0.363636364	1	1
41	8.285649426	0.626234667	859414.7485	224448.027	0.176270207	3.958189E+18	1.067856673	0.727272727	1	2
42	3.083416419	0.823341224	395532.891	31112.65427	0.305349472	1.805939E+18	1.17997979	0.636363636	1	1
43	5.424616649	0.705930485	440518.4081	269532.1952	0.212458928	2.352683E+18	1.142479018	0.909090909	1	2
44	4.594995817	0.54238346	1078315.269	250209.0088	0.118873314	3.695516E+18	1.07498305	0.090909091	1	1
45	9.348514627	0.910358666	564439.1185	141376.3541	0.248540381	9.433209E+17	1.180343416	0.545454545	1	2
46	2.397603425	1.194019284	494145.68	96298.45137	0.17160008	2.727570E+18	1.051120994	1	1	1
47	7.897955717	1.062850191	481887.2087	196798.2034	0.103485477	4.383040E+18	1.169164987	0.818181818	1	2
48	3.154853396	0.728625982	773895.2288	71617.89002	0.22928352	1.452866E+18	1.151884326	0.272727273	1	1
49	4.904499908	1.382652136	427772.4095	101614.8726	0.15260467	1.008227E+18	1.077010762	0.909090909	1	2
50	6.864720904	0.588290271	507393.5457	51767.32768	0.319559502	2.795992E+18	1.078387618	0.636363636	1	1
51	6.079305375	1.657018582	312643.8769	87141.34956	0.281031437	4.069426E+18	1.190783413	0.090909091	1	2
52	7.255801999	1.230821962	382889.7864	200811.8056	0.23957862	4.334866E+17	1.184632397	0.636363636	1	1
53	0.547135	0.673189965	325994.6004	160997.5912	0.264330123	4.858299E+18	1.188427679	0.363636364	1	2
54	8.048381389	0.85698442	613039.5446	61487.11522	0.184420289	2.913509E+18	1.198048593	0.181818182	1	1
55	1.102807913	1.113422979	345538.4884	108702.1096	0.227626923	1.134093E+18	1.161340567	0.636363636	1	2
56	6.700052693	0.792038661	388350.5721	189653.256	0.268317757	3.909274E+18	1.147306297	0.181818182	1	1
57	4.363523689	0.94400175	444151.5323	153716.7206	0.129498867	4.451184E+18	1.171346817	0.454545455	1	2
58	7.403303438	1.160360107	514432.7637	65896.30173	0.292516591	1.471768E+18	1.186208871	0.181818182	1	1
59	9.581207421	0.576290217	711543.6925	245282.9896	0.239833658	2.589705E+18	1.059513046	0.636363636	1	2
60	0.399228109	0.739837369	569646.9497	299769.2922	0.331513257	3.646581E+18	1.135663169	0.090909091	1	1
61	1.849674925	0.554647572	477778.0103	38931.15221	0.200503458	1.689302E+18	1.182385449	0.363636364	1	2
62	2.923383708	1.028943949	501685.2261	168108.7544	0.222525039	6.879707E+17	1.151247944	0.090909091	1	1
63	5.972316328	1.346488173	431893.8019	255402.9641	0.17558394	3.714408E+18	1.195361691	0.454545455	1	2
64	3.626338711	1.465350089	376000.45	88690.06658	0.336607573	3.125458E+18	1.074072598	0.727272727	1	1
65	5.582133038	0.639547411	659170.7567	132173.5946	0.14341547	1.351902E+18	1.135620995	0.363636364	1	2
66	9.196124824	0.97462491	332896.1575	277214.7699	0.287305746	2.150352E+18	1.168894063	0.818181818	1	1
67	3.848378037	0.605220798	648864.7752	94730.53843	0.277348262	9.020414E+17	1.197819189	1	1	2
68	6.902805008	1.365729909	315987.4372	141905.7985	0.204081089	2.676774E+18	1.16380862	0.181818182	1	1
69	0.274669286	1.079615827	374348.367	223908.1111	0.179388179	2.301956E+18	1.182916171	0.363636364	1	2
70	7.625987702	0.656374632	417771.4914	120473.3771	0.332795082	1.839716E+18	1.17606718	0	1	1
71	4.551930283	1.247826845	473351.7483	173473.7608	0.283734482	3.264533E+18	1.13697291	0.363636364	1	2
72	6.511995883	0.99155104	593045.5163	265514.5189	0.116718307	2.392637E+17	1.144752296	0.181818182	1	1
73	0.982178142	0.609464795	796849.6766	183593.6769	0.105871712	2.139240E+18	1.164119861	1	1	2
74	5.150052409	0.840296667	460701.0169	73187.22709	0.231321856	4.899561E+18	1.096315651	0.454545455	1	1
75	8.998381062	0.77498852	534439.0063	201353.4035	0.19523766	3.496423E+18	1.091688047	0.545454545	1	2
76	7.210976935	0.559367728	965444.7202	292843.1135	0.163018204	6.019314E+17	1.094978877	0	1	1
77	9.388575221	1.2108014	362094.4729	54393.3067	0.125569303	9.839125E+17	1.186276013	0	1	2
78	2.808664425	0.689024736	303246.0159	243970.0733	0.130869055	4.358804E+18	1.161287682	0.545454545	1	1
79	3.801327203	1.541227231	334922.024	46846.62652	0.161241809	4.049637E+18	1.19911966	1	1	2
80	7.007276507	0.681802028	604913.3146	123589.789	0.238273666	2.229199E+18	1.17908507	1	1	1
81	8.395735794	0.881747594	381199.7155	251722.9767	0.215284236	1.274816E+18	1.171795605	0.272727273	1	2
82	2.973311015	0.566771469	863802.1968	143289.9436	0.325617198	3.286384E+18	1.189480755	1	1	1
83	0.737298485	0.765649115	436311.722	80803.56063	0.300649154	7.668905E+17	1.095289985	1	1	2
84	4.661158298	0.83481356	562392.7521	226889.0931	0.159543117	1.612143E+18	1.130312325	0.545454545	1	1
85	6.460245885	1.118735773	479022.5314	280931.7069	0.32282392	4.591711E+18	1.198961403	1	1	2
86	3.210637553	0.98624832	491770.9183	111284.1341	0.252129815	3.573594E+18	1.132323838	0.818181818	1	1
87	0.141661724	1.73361007	310573.0912	271631.9062	0.190864115	3.249964E+18	1.183228303	0.181818182	1	2
88	2.177364575	0.646952136	516262.8885	240494.7015	0.171016329	4.522411E+18	1.152990963	0.454545455	1	1
89	1.318158291	1.290546693	393551.2681	151040.0672	0.149746381	2.009916E+18	1.150737482	0.909090909	1	2
90	5.859454374	0.597916833	347565.7854	214584.6217	0.113810795	2.984809E+18	1.105535627	0.727272727	1	1
91	8.041537688	1.253056806	302001.7808	80082.82562	0.25605214	2.461214E+18	1.093589185	1	1	2
92	4.780759183	0.630033923	357676.076	286011.2391	0.248007638	2.836395E+18	1.140622173	0.818181818	1	1
93	7.434473112	1.017412737	400214.9371	47592.59449	0.146058857	3.424026E+18	1.19769042	1	1	2
94	1.430854478	0.702213107	742197.7978	209287.3474	0.275729565	1.216824E+18	1.178492299	0.272727273	1	1
95	8.58859557	0.547236394	576465.0984	192600.7832	0.303102508	4.973722E+18	1.146223001	0.090909091	1	2
96	9.950617703	0.732243969	471324.7374	145573.7496	0.165047061	3.152489E+17	1.148361894	0.818181818	1	1
97	0.068870473	0.583603675	1009890.677	129414.5614	0.136296249	4.072440E+18	1.100499693	0.090909091	1	2
98	2.851937881	1.154941885	412570.3186	215972.229	0.21886291	4.740358E+18	1.180397441	0.909090909	1	1
99	6.062158449	0.93255231	546038.1955	273706.9691	0.262097932	1.761966E+18	1.133905366	0.363636364	1	2
100	3.711133595	0.782345301	690212.7989	35286.86745	0.100092848	2.377869E+18	1.143045309	0.454545455	1	1
101	5.515715543	1.576740127	369928.5395	116776.7151	0.297078932	4.199474E+18	1.100165333	0.272727273	1	2
102	6.269273618	0.669554987	828599.9844	87832.74204	0.193560459	3.734747E+18	1.167488571	0.454545455	1	1
103	2.287273749	0.851872262	314741.7717	181372.4358	0.319012443	8.243647E+17	1.134075619	0.727272727	1	2
104	5.235552464	0.661471678	375724.4386	36037.94691	0.171866971	2.078956E+18	1.068051437	0.454545455	1	1
105	8.88841575	0.997043593	601010.4321	181070.8811	0.25485545	1.125599E+18	1.131177533	0.090909091	1	2
106	1.942384832	1.217523897	334136.4883	258312.6489	0.211574086	2.903849E+18	1.178157817	0.545454545	1	1
107	1.551915281	0.574465698	556928.2159	145152.2002	0.109210388	6.163547E+17	1.159834718	0.727272727	1	2
108	8.467659317	0.742222191	724406.3186	130165.1801	0.199398465	4.373532E+18	1.106691785	0.090909091	1	1
109	2.586370499	1.049256235	432398.3133	274338.0447	0.310317361	1.463218E+18	1.174508021	0.818181818	1	2
110	4.036321442	0.896761909	515490.3708	46961.51237	0.217714849	3.722921E+18	1.167955913	0.181818182	1	1
111	7.086017313	1.182830305	444656.7951	105217.686	0.264761806	6.976491E+17	1.148926018	0.727272727	1	2
112	9.908409705	0.555978865	1029366.536	208536.7191	0.332268387	9.155857E+17	1.129631175	0.545454545	1	1
113	0.111203059	0.692103047	489421.3809	193022.3231	0.238829272	4.672470E+18	1.169485208	0.727272727	1	2
114	7.770000147	0.811856932	346779.5944	157102.2658	0.153362281	3.985248E+18	1.086941469	0.818181818	1	1
115	3.597844995	0.637721727	810661.4728	234413.7111	0.2675624	1.777967E+18	1.133891809	0.818181818	1	2
116	6.382723732	0.746416949	670528.5033	285260.1702	0.29634331	3.135162E+18	1.10658759	0.363636364	1	1
117	6.893537999	0.606527247	894203.5383	194990.2348	0.131754206	1.629027E+18	1.175340981	0.818181818	1	2
118	1.661807776	0.913848646	361577.3726	69274.40249	0.260838965	4.137447E+18	1.153366539	0.181818182	1	1
119	3.086926118	0.708761414	637084.4726	215335.2461	0.161913101	2.685896E+18	1.104998555	0.909090909	1	2
120	6.140895647	1.505294697	304336.8105	292601.1697	0.235133926	9.123377E+17	1.149759568	0.818181818	1	1
121	3.47736811	1.082949559	459448.8602	58405.00963	0.157049289	2.484063E+17	1.130327113	0.818181818	1	2
122	5.438196925	0.862697922	580380.0922	111915.7936	0.324021176	3.274846E+18	1.153477258	0.181818182	1	1
123	9.325473381	0.796829311	405677.9113	240073.7268	0.106976588	4.823516E+18	1.156569348	0.272727273	1	2
124	7.962805077	0.610770349	548386.1478	81224.5247	0.24504785	4.656383E+17	1.179354415	0.181818182	1	1
125	9.990995768	1.702042606	328682.6916	49113.44868	0.266510572	1.588066E+18	1.182088181	0.272727273	1	2
126	6.809941824	0.946507028	472098.8171	226257.4281	0.207996042	1.911037E+18	1.104526483	0.727272727	1	1
127	4.155900879	0.557501878	317079.0071	122839.1743	0.30981252	2.527965E+18	1.135015799	0.272727273	1	2
128	8.666109527	1.318165323	373830.5161	171091.4841	0.314129468	2.753146E+18	1.14774353	0.090909091	1	1
129	3.8133456	0.679969134	850248.3521	293194.0498	0.114564326	3.030235E+17	1.116796455	0.181818182	1	2
130	9.821249915	1.039736517	392249.4968	98420.90057	0.225485058	3.063413E+18	1.159096772	0.272727273	1	1
131	3.000889176	1.392829373	347878.7756	195715.4575	0.278544681	2.238307E+18	1.140509154	0.090909091	1	2
132	6.206075815	0.569164666	618512.485	243420.8817	0.201588469	4.059910E+18	1.110067596	0.090909091	1	1
133	3.547609821	0.95588842	573556.6868	72486.1036	0.280595965	4.600794E+18	1.123663561	0.545454545	1	2
134	6.471954943	0.832427568	707630.2122	59130.48919	0.253251387	8.392389E+17	1.089502815	0	1	1
135	2.475160242	0.61609769	449613.8273	201704.909	0.138580681	3.797510E+18	1.130555264	0.545454545	1	2
136	1.025287958	0.802337236	504036.9093	120121.8609	0.269576498	1.538483E+18	1.169701726	0.090909091	1	1
137	4.988400741	0.871996034	478554.295	266215.6368	0.187554022	5.381768E+17	1.197986795	0.363636364	1	2
138	8.955128777	0.649346227	764677.7393	138254.4681	0.301755974	2.895350E+18	1.138738427	0.909090909	1	1
139	7.324565346	0.720606621	335234.239	95279.73959	0.326504297	1.200790E+18	1.167994216	0.181818182	1	2
140	0.477971411	1.175404512	379898.6949	266406.0894	0.289556581	3.825970E+18	1.146743007	1	1	1
141	2.694894234	0.59502835	996077.7843	44979.19556	0.237166615	4.957969E+18	1.138675879	0.818181818	1	2
142	3.432912023	0.751504293	368873.9607	131624.85	0.192806816	1.053007E+18	1.087165611	0.727272727	1	1
143	6.586748131	0.632386949	912340.7848	118116.8644	0.101095289	4.509889E+18	1.137949825	0	1	2
144	8.76461338	1.140913828	315198.1944	229970.5671	0.183749268	4.277899E+18	1.107779063	0	1	1
145	1.969799274	0.82159159	644967.3409	277718.6545	0.230766019	2.451604E+18	1.088947569	0.545454545	1	2
146	9.623560961	0.703511452	587584.688	39282.07492	0.137049661	1.990389E+18	1.143016926	0.454545455	1	1
147	0.357055147	0.544323059	731227.2385	92340.93807	0.164044393	3.047581E+18	1.190978641	1	1	2
148	5.773973737	0.904379869	413860.2646	167407.0551	0.29312733	3.892041E+17	1.147459264	1	1	1
149	3.925889498	1.310821371	401504.1318	66593.30735	0.221790754	1.770530E+18	1.178111315	0.818181818	1	2
150	7.136568113	1.056692291	533661.2549	154418.4134	0.178537764	4.750096E+18	1.083267562	0.272727273	1	1
151	8.251742171	0.585955548	458350.8234	299418.3599	0.274622854	3.345347E+18	1.119553861	0.363636364	1	2
152	0.900745853	1.006598181	302457.4284	60983.23619	0.121318942	2.612403E+18	1.197054111	0.272727273	1	1
153	4.473195474	0.666642817	676962.9885	190202.0111	0.339270724	4.208022E+18	1.159561364	0.090909091	1	2
154	6.277014795	1.429298143	356622.2478	233161.6513	0.142268732	2.387586E+18	1.096717048	0.818181818	1	1
155	6.974470511	0.855184721	365204.215	289498.7283	0.109834855	3.744628E+18	1.133896411	1	1	2
156	1.580856154	0.666243751	879062.4605	113685.236	0.220165986	8.142294E+17	1.192667637	0.272727273	1	1
157	8.399550761	0.785361225	639698.4741	161367.5683	0.313721502	4.557066E+18	1.12401625	0.454545455	1	2
158	0.203519079	1.581632878	318880.1333	76191.62112	0.146723977	1.569443E+18	1.144679272	0.636363636	1	1
159	7.539743504	1.158486376	463865.6817	242887.6483	0.247334256	2.269556E+18	1.133438209	0.727272727	1	2
160	0.750573529	0.937973113	596305.0924	197287.1534	0.174087786	4.081935E+18	1.167321544	0.727272727	1	1
161	4.637811782	0.737368239	421005.962	51199.52876	0.256105687	3.094741E+18	1.146204494	0.363636364	1	2
162	4.053619183	1.625704423	344583.2845	233722.3068	0.115403462	9.302996E+17	1.181364134	0.545454545	1	1
163	3.275181681	0.552361919	525221.6121	270100.0047	0.15556855	2.053789E+18	1.135362314	0.363636364	1	2
164	5.074878279	1.409607469	408356.8474	220782.1974	0.31882978	3.869683E+18	1.17028107	0.454545455	1	1
165	6.744268069	0.696792721	793493.1356	249839.4828	0.183029399	3.396608E+18	1.179370081	0.818181818	1	2
166	2.122280225	1.022834861	451510.3018	140887.4096	0.297579253	1.244573E+18	1.113178914	0.727272727	1	1
167	9.468563613	0.633049043	306627.6623	176805.5389	0.218354319	5.161702E+17	1.132946959	0	1	2
168	2.728732959	1.258710382	352464.2346	121697.8889	0.165236102	4.491281E+18	1.132342378	0.727272727	1	1
169	1.172870647	0.602807751	397884.5622	256289.8716	0.322517688	3.642636E+17	1.188430484	0.727272727	1	2
170	6.629742316	1.29386208	342255.9064	41925.45477	0.301509303	4.939076E+18	1.148812706	0.909090909	1	1
171	7.48955776	0.649740888	566777.2118	230496.0596	0.257622171	2.501571E+18	1.106689408	0	1	2
172	8.524051143	0.989795161	441308.4734	85489.89862	0.161541655	1.093820E+18	1.140184827	0.454545455	1	1
173	2.529997784	0.800630686	702034.8078	179565.1106	0.291206869	3.544688E+18	1.125652893	0.181818182	1	2
174	9.97396392	0.838353481	511292.4585	235808.3293	0.306610042	4.232944E+18	1.090245628	0	1	1
175	1.773660965	1.124160245	428560.0791	186516.8666	0.11340569	2.421741E+18	1.110638833	0.909090909	1	2
176	6.048883703	0.768430883	487360.1371	107677.2019	0.150536954	2.646628E+18	1.114038807	0.818181818	1	1
177	7.660507776	0.56112198	812506.8575	49938.02918	0.118083097	1.266131E+18	1.163793788	0.636363636	1	2
178	3.707318329	0.8874041	329904.3493	211097.1346	0.243529588	3.295326E+18	1.114696775	0.909090909	1	1
179	9.11474437	1.544240516	385240.8024	154931.2697	0.252528542	1.720438E+18	1.139029445	0.636363636	1	2
180	2.320080043	0.686700381	656156.7994	65009.53853	0.205573128	4.709229E+18	1.133558357	0.636363636	1	1
181	8.120250537	0.675168171	354343.1876	219238.2496	0.282856932	1.428920E+18	1.140936968	0.545454545	1	2
182	4.701988811	1.199575695	311583.2163	146732.2474	0.333113211	3.603736E+18	1.130028206	0.272727273	1	1
183	6.657175915	0.87999186	628251.1665	91074.13652	0.139878653	5.915057E+17	1.0994284	0.454545455	1	2
184	1.899390526	0.572934131	914393.3114	165773.5786	0.250795688	2.771746E+18	1.118909696	1	1	1
185	4.311185493	0.763236181	585731.343	262010.5834	0.226062045	1.166246E+18	1.062452863	0.272727273	1	2
186	8.511334988	1.116790397	530373.48	36567.28773	0.277993266	3.941428E+18	1.120277449	0.181818182	1	1
187	0.461636435	0.828840991	409454.455	115955.9197	0.204952196	2.129197E+18	1.142922665	0.545454545	1	2
188	5.669373414	0.620914613	745603.0939	274869.6888	0.315281494	4.909346E+18	1.076820599	0.545454545	1	1
189	9.863512819	1.234491475	422105.1909	284731.2217	0.130097709	1.385227E+18	1.153715892	0.545454545	1	2
190	1.824192645	0.980100803	542729.7212	205870.8266	0.327066732	3.169478E+18	1.122797746	0.909090909	1	1
191	2.939404869	0.644627668	468041.5116	76691.19672	0.12596434	4.010115E+18	1.116241525	1	1	2
192	5.588084366	1.066051065	323837.1179	247626.4451	0.271852474	4.631877E+18	1.151972303	0.545454545	1	1
193	9.160572116	0.591359309	699330.2464	102587.3618	0.188866739	3.672735E+18	1.138034647	0.454545455	1	2
194	2.214390226	1.353753035	367084.5985	50662.74506	0.232086766	6.569887E+17	1.192904809	0.181818182	1	1
195	3.883930447	0.963400397	384142.7179	185996.8863	0.133909673	4.779952E+18	1.175027371	0.818181818	1	2
196	8.313532791	1.451491238	325730.4268	112432.6692	0.129534132	2.047661E+17	1.150545515	0.909090909	1	1
197	0.268718256	0.627564938	607878.4185	56817.22152	0.292825566	3.221688E+18	1.106675591	0.454545455	1	2
198	7.609966244	1.015613151	552736.6215	295251.867	0.19123385	2.717279E+18	1.193833542	0.090909091	1	1
199	6.537478461	0.540558814	426680.84	150212.753	0.228281084	4.159380E+18	1.104722415	1	1	2
200	7.114804769	1.821236688	301431.0865	203808.225	0.158330648	2.294974E+18	1.128496112	0.272727273	1	1
201	5.087644381	0.725745746	519181.4769	171612.6918	0.119760299	1.017237E+18	1.153149342	0.363636364	1	2
202	4.892791447	0.589621434	762054.9252	221507.4281	0.211351992	4.460076E+18	1.18901788	0.090909091	1	1
203	9.05071896	0.930668151	494662.7799	43448.60759	0.336800305	2.581067E+18	1.175211288	0.454545455	1	2
204	1.387245879	0.780059503	338080.5533	281884.6294	0.175382996	1.879636E+18	1.126976262	0.818181818	1	1
205	2.736794979	0.845763287	663355.3412	135829.9985	0.274306117	4.436866E+17	1.135035278	0.090909091	1	2
206	5.790615026	1.099859406	396785.0473	83863.61972	0.201029441	3.454750E+18	1.177968826	0	1	1
207	8.075876057	0.658281779	727553.2074	172452.206	0.276876606	4.439828E+18	1.163200463	0.181818182	1	2
208	3.293095166	0.857737686	416411.0595	95668.03706	0.15154733	2.596957E+18	1.174016915	0.272727273	1	1
209	1.94351705	0.792297607	591137.4101	220659.8221	0.309525734	1.001413E+18	1.120997689	0.454545455	1	2
210	4.336410193	0.577605836	908959.9147	282627.1978	0.334200812	2.902155E+18	1.159880857	0.727272727	1	1
211	1.553071584	1.162257416	318579.2537	31652.5595	0.251576013	3.438905E+18	1.192831113	0	1	2
212	5.643938906	0.739034401	372328.8374	262368.7037	0.244393479	1.864013E+18	1.148469814	0.545454545	1	1
213	4.030301494	1.41651502	359978.7038	161488.0244	0.300556678	2.265796E+17	1.172473236	0.909090909	1	2
214	7.074961797	0.552838082	679879.9913	76333.03462	0.107278936	3.200287E+18	1.158956872	0	1	1
215	8.147402012	1.027628779	305936.9113	200247.5046	0.323381454	4.801397E+18	1.090147576	0.636363636	1	2
216	2.905501723	0.695290453	838953.7079	55547.22891	0.193833401	2.161853E+18	1.08280144	0.818181818	1	1
217	0.806187701	0.640911237	460975.0498	101165.7676	0.162551906	4.137594E+18	1.142515356	0.727272727	1	2
218	4.421352688	0.976483056	537238.1989	243032.5824	0.260537531	2.739072E+18	1.192710533	0.363636364	1	1
219	6.371653706	1.264459218	404153.3414	197403.5742	0.213509021	9.127766E+17	1.147924493	0.818181818	1	2
220	9.71691451	0.603387296	446281.0194	62457.12146	0.296744544	3.989785E+18	1.087110246	0	1	1
221	3.495762281	0.657697968	614886.5221	154790.2306	0.239361885	3.652166E+18	1.171680191	0.545454545	1	2
222	5.441789641	1.447709242	345278.2033	64888.70856	0.166129924	6.772918E+17	1.093950589	0.181818182	1	1
223	2.380597326	0.993434742	389576.6331	296657.0166	0.217314532	4.652398E+18	1.144947832	0.909090909	1	2
224	7.954348566	1.128822466	377322.726	127224.7545	0.147618123	3.586985E+18	1.193858177	1	1	1
225	0.999010508	0.841074974	656261.7943	42043.42014	0.310835325	6.085951E+17	1.184011386	0.636363636	1	2
226	4.848588665	0.77520646	332536.7689	167035.236	0.108795422	1.411805E+18	1.171696569	0.272727273	1	1
227	7.194525742	0.893284635	475148.0557	135455.3003	0.255271333	2.145902E+18	1.170376229	0.363636364	1	2
228	1.361944922	0.56064247	767546.68	260643.8583	0.144823041	4.887624E+18	1.169729045	1	1	1
229	8.65762908	0.688197242	501241.9783	276244.7713	0.171348093	1.149480E+18	1.19260699	0.636363636	1	2
230	9.130756955	1.757452394	319382.9821	245119.8801	0.196742144	2.422968E+18	1.154012379	0.090909091	1	1
231	1.607454154	0.683159368	403102.5115	159880.0918	0.339569412	2.662647E+18	1.135090949	0	1	2
232	2.994721464	0.883599384	576851.9748	284838.9119	0.120682884	4.216955E+18	1.158308584	0.727272727	1	1
233	6.19517745	1.20546126	456750.8209	206024.4913	0.283871697	2.437537E+18	1.178546198	0.272727273	1	2
234	3.541418212	1.593638235	300931.5278	102736.492	0.198320018	1.704466E+18	1.128331221	0	1	1
235	5.336233492	0.763847527	634216.2993	50775.4844	0.275257998	4.725045E+18	1.131850486	0.454545455	1	2
236	4.683311607	0.619285916	896999.2368	64163.99343	0.303571089	1.286899E+18	1.143230264	0.636363636	1	1
237	9.261342501	0.83350642	358146.7193	191597.8777	0.178239993	3.279575E+18	1.087014951	0.363636364	1	2
238	1.026577775	1.238136087	370498.2834	90964.26178	0.126824605	4.961018E+18	1.181648749	0.272727273	1	1
239	6.795947694	0.646158647	313575.3008	270524.0706	0.136766539	3.858366E+17	1.184823693	0.272727273	1	2
240	4.13212951	1.068738698	469499.1956	36459.20336	0.231050059	1.071906E+18	1.111929947	0.181818182	1	1
241	9.501341414	0.717417029	786475.5504	231759.7557	0.101500183	3.561658E+18	1.149025575	0.090909091	1	2
242	8.689952733	1.354327312	415361.8509	261895.9088	0.265359682	4.297087E+18	1.169690102	0.909090909	1	1
243	0.479275291	0.598166686	544784.599	178293.057	0.19215611	2.523529E+18	1.110788189	0.272727273	1	2
244	2.201088651	1.681132775	325032.3132	213599.0629	0.16881478	1.395792E+18	1.169902933	0.090909091	1	1
245	1.22441672	0.75464458	721488.5512	269363.5196	0.23780176	3.412672E+18	1.185101766	0.636363636	1	2
246	5.221553571	0.969154503	435755.726	126636.6655	0.123136524	1.224078E+18	1.1534096	0.545454545	1	1
247	8.755999419	0.629199042	559674.3204	250584.0598	0.326085667	2.074236E+18	1.173168483	0.272727273	1	2
248	9.614932789	1.339831154	336761.2839	135940.2632	0.234971855	4.511748E+18	1.185881281	1	1	1
249	2.562603885	0.547461335	378373.079	225852.65	0.269053956	5.368557E+17	1.18419188	0.272727273	1	2
250	3.944112007	0.733575882	674203.2958	112320.5698	0.138985576	4.574284E+18	1.129231075	0.818181818	1	1
251	7.140294344	1.489965147	390625.5556	56667.45185	0.335998633	1.552527E+18	1.117106165	0.727272727	1	2
252	0.056844663	0.934444461	349501.2878	237279.4245	0.280058775	3.727348E+18	1.14451726	1	1	1
253	6.075310004	0.582816889	807109.512	162740.5899	0.16961232	8.358668E+17	1.17158954	0.909090909	1	2
254	7.70587405	0.780501806	492803.0154	70715.32878	0.202124742	3.111610E+18	1.178081356	0.909090909	1	1
255	4.491441769	1.102415342	448111.0966	295098.8423	0.181817194	2.286790E+18	1.179114168	0.181818182	1	2
256	6.280765072	0.850589005	518309.9067	211537.7526	0.225081077	4.065040E+18	1.122163063	0	1	1
257	3.779595052	0.663105912	430160.3215	247207.2477	0.205169156	3.329752E+18	1.095680531	0.727272727	1	2
258	8.417949551	1.221263008	485761.5145	47077.4261	0.170800939	1.754566E+18	1.144164103	0.636363636	1	1
259	0.207116713	1.002797572	555653.6229	105363.1269	0.244065855	4.765629E+18	1.135891822	0.909090909	1	2
260	7.558118694	0.581368091	611455.364	204444.3223	0.149999773	4.192079E+18	1.196841659	0.909090909	1	1
261	0.754147228	1.371117735	328379.6379	285381.1333	0.317015458	2.403135E+18	1.166841275	0.818181818	1	2
262	6.442915536	1.05184113	386766.9458	80507.22768	0.307014931	2.628321E+18	1.176670623	0.545454545	1	1
263	1.06956708	0.54917419	978031.5271	132367.4184	0.290570802	4.493141E+18	1.147384659	0.181818182	1	2
264	3.266706152	1.188547211	399507.6898	180923.505	0.238020278	4.256381E+18	1.068155613	0.727272727	1	1
265	8.910906876	0.699933313	340631.3468	117382.4262	0.258041709	1.031267E+18	1.081700402	0.090909091	1	2
266	7.299283417	0.636187528	759234.6234	40121.58907	0.233352009	3.030448E+18	1.140172626	0.090909091	1	1
267	1.257206283	0.816682781	498117.6581	216462.4864	0.104150035	4.106951E+17	1.154635296	0.181818182	1	2
268	4.443114523	1.834043899	304226.2083	56106.98888	0.286340466	6.964588E+17	1.15232262	0.727272727	1	1
269	2.720271531	0.746859124	522025.4283	91493.33203	0.323039307	1.968887E+18	1.189381987	0.363636364	1	2
270	7.980433688	0.9174563	406756.9865	280441.6443	0.241597449	5.587979E+17	1.169978332	0.090909091	1	1
271	3.388556645	0.599619961	749130.4513	118755.1358	0.127514491	2.879745E+18	1.157845414	0.727272727	1	2
272	6.630893701	0.716752484	582032.3287	139629.5507	0.218638364	1.517868E+18	1.148819414	0.090909091	1	1
273	4.294666809	0.867363224	625456.2339	171209.9727	0.297296122	2.021125E+18	1.098184434	0	1	2
274	7.490694895	1.085665911	308153.5181	252171.9697	0.100337085	3.805376E+18	1.159422043	0.818181818	1	1
275	9.64876656	0.652879047	917823.1988	94009.70272	0.182625427	4.942127E+18	1.097323138	0.181818182	1	2
276	0.331601594	0.797440787	350936.9468	46240.85287	0.156218349	1.180560E+18	1.110889657	0.818181818	1	1
277	9.967924806	1.476239764	363581.4689	215214.9229	0.20886363	2.255348E+18	1.199870766	0.181818182	1	2
278	1.76258632	0.612301201	696559.5387	292459.6236	0.255807908	4.043116E+18	1.103236394	0.727272727	1	1
279	2.8350647	0.952355635	320504.3115	150615.4702	0.174722936	3.080237E+18	1.186895024	0.727272727	1	2
280	5.493526224	0.564309385	465368.6464	182197.3319	0.313085435	3.780515E+18	1.095431711	0.181818182	1	1
281	9.108729339	1.03514494	539103.7568	58260.20875	0.110133549	4.617856E+18	1.171411642	0.727272727	1	2
282	2.309029147	1.322859471	419504.6172	111799.2404	0.303327051	1.605626E+18	1.158157969	0.272727273	1	1
283	1.158871744	1.044435937	437804.7686	174062.7347	0.273787244	1.895314E+18	1.071632307	0.909090909	1	2
284	5.287079511	0.678306447	704806.2829	82488.22082	0.14786837	3.943194E+18	1.115308048	0	1	1
285	4.693355721	0.569744084	563884.4337	32185.64904	0.175798869	4.813358E+17	1.182089321	0.454545455	1	2
286	2.977842833	1.639922602	356726.6991	64394.03531	0.216198304	1.609496E+18	1.125272809	0.181818182	1	1
287	4.30257645	1.281422709	339582.0905	223294.2893	0.143161624	2.768823E+18	1.140800804	0.727272727	1	2
288	7.347392195	0.959527874	618995.7071	266251.0126	0.336385345	9.576209E+17	1.080966027	0.636363636	1	1
289	8.500284539	0.6240549	395284.9392	142346.8751	0.120278253	2.544011E+18	1.187940445	0.272727273	1	2
290	9.881754494	0.809112686	652628.6835	195827.69	0.227880772	2.707753E+18	1.185089637	0	1	1
291	1.827938005	1.565240351	382542.7646	243570.519	0.184642513	8.906910E+17	1.131266735	0.909090909	1	2
292	0.137648461	0.641486993	816205.1134	214489.701	0.320966608	1.645878E+18	1.1820443	0.545454545	1	1
293	5.994525317	0.874717657	327328.9511	55048.51871	0.191766453	4.115579E+18	1.054343252	0.272727273	1	2
294	3.643192223	0.722103612	483929.4823	289112.4898	0.292292046	4.845135E+18	1.142886538	0.727272727	1	1
295	9.178799244	1.179015134	425154.7949	72639.26115	0.331298324	2.702475E+17	1.122901343	0.636363636	1	2
296	2.218121374	0.926927205	508424.2838	164110.3743	0.134310898	3.253178E+18	1.17337753	0.090909091	1	1
297	6.920116879	0.758440804	423727.6539	207264.6213	0.188565299	4.693256E+18	1.153747252	0.272727273	1	2
298	8.307346099	0.824144427	599979.8834	66485.48475	0.272491288	3.702179E+18	1.1647646	0.272727273	1	1
299	0.257800873	1.145744705	466417.4259	154264.8819	0.195461744	7.180709E+17	1.072926211	1	1	2
300	7.603793615	1.535229788	322334.4363	190052.7482	0.288604982	1.339668E+18	1.159131488	0	1	1
301	0.648610105	0.705177486	642518.0115	233049.0449	0.125324612	3.155563E+18	1.066399231	0	1	2
302	4.573680912	0.910099988	368585.851	108046.9602	0.327369089	3.964853E+18	1.181909926	1	1	1
303	9.370992233	0.543749048	876217.7447	286633.1918	0.213284294	1.794004E+18	1.109009516	0.272727273	1	2
304	5.088953178	1.313411294	355942.7595	277828.3963	0.277592956	2.921055E+18	1.179342931	1	1	1
305	2.108286105	0.586431841	309985.0735	88249.18491	0.226349754	2.095945E+18	1.124040352	0.636363636	1	2
306	9.444792236	1.010340503	454158.9437	254813.9275	0.139591862	1.446058E+18	1.155175953	0.636363636	1	1
307	2.752576156	1.430927106	410981.6445	39396.88199	0.116466321	3.621168E+18	1.190363747	0.181818182	1	2
308	5.791899925	0.674504883	528871.7998	130909.7572	0.283510395	6.335451E+17	1.198240738	1	1	1
309	9.804248584	1.105461649	497062.6859	167996.4134	0.269353808	4.757198E+18	1.108672601	0.181818182	1	2
310	1.594178961	0.855454463	567795.5775	255253.9505	0.196130662	1.744970E+18	1.151370715	0.454545455	1	1
311	3.018066937	0.786191206	443265.4662	130293.0383	0.234119974	3.323111E+17	1.180968743	1	1	2
312	0.761893732	0.580062672	856790.7143	34575.23431	0.259029396	3.756558E+18	1.189494868	0.545454545	1	1
313	5.369040233	0.937193334	399182.505	229356.6187	0.13369647	8.075703E+17	1.136902758	0.636363636	1	2
314	9.257527981	0.737148698	624470.1972	88536.25311	0.289802609	2.394692E+18	1.154385293	0.909090909	1	1
315	2.453099072	1.495356595	341920.9233	132065.5382	0.122830297	4.182458E+18	1.142291236	0.818181818	1	2
316	7.875407124	0.55104107	329668.4392	232761.9661	0.182215919	2.856668E+18	1.180819461	0.636363636	1	1
317	4.927129252	1.344987062	386442.5115	61638.0641	0.201342437	2.481855E+18	1.168386588	0.363636364	1	2
318	4.067584339	0.634880943	510774.608	207881.3497	0.117611441	4.994343E+18	1.113666547	0.909090909	1	1
319	3.603003845	1.711914415	316073.7688	175706.4419	0.154268338	3.717942E+18	1.143835687	0.090909091	1	2
320	0.534359491	0.974012526	484707.3168	66045.46827	0.335593525	3.403412E+18	1.14864356	0.090909091	1	1
321	5.912831503	0.749780699	770440.1629	193998.3913	0.206041819	1.232494E+18	1.152975301	0.181818182	1	2
322	5.166469668	0.60144551	594517.6961	288495.3168	0.221573557	4.543901E+18	1.080568206	0.454545455	1	1
323	4.814147335	0.714366632	736794.3466	239624.3044	0.31231736	1.082314E+18	1.181123093	0.818181818	1	2
324	8.820544293	1.071786713	419817.9768	164549.9503	0.197646631	3.552092E+18	1.076530373	0.090909091	1	1
325	1.484365158	0.651547876	363112.8514	196115.3341	0.28453681	3.006502E+18	1.135158886	0.181818182	1	2
326	5.713160608	1.240886214	321546.6956	97765.88181	0.339522246	2.031391E+18	1.170932813	0.545454545	1	1
327	3.947926229	0.838663585	309195.127	267020.104	0.265548725	1.258873E+18	1.15237533	0.272727273	1	2
328	9.995507176	0.614125855	848047.6236	124828.8987	0.155096777	3.306685E+18	1.196836308	0.818181818	1	1
329	8.229834186	1.597215749	350469.08	94838.98477	0.23054147	4.034058E+18	1.161236658	0.818181818	1	2
330	0.02403822	0.769235436	683116.0102	142059.2215	0.183497743	2.245116E+18	1.15040052	0.181818182	1	1
331	7.682528279	0.886648203	528095.4551	173623.1644	0.330561414	1.596547E+18	1.175959154	0.090909091	1	2
332	0.883591338	1.210320988	407069.5948	265626.4694	0.137266861	4.607608E+18	1.072842201	0.272727273	1	1
333	3.686462017	0.562979122	1016953.665	82201.15665	0.219759709	4.244304E+18	1.093462246	0.181818182	1	2
334	6.294040564	0.686438933	451807.1529	32802.83263	0.126641944	7.824233E+17	1.119538505	0	1	1
335	3.345432319	0.677009132	550190.5888	182884.1027	0.264984041	3.479262E+18	1.185785377	0.909090909	1	2
336	6.674141386	0.572656389	718643.8711	202054.8536	0.291421217	2.117692E+18	1.123453753	0.272727273	1	1
337	1.881108575	0.881272453	426245.22	57890.2256	0.166086447	4.916751E+18	1.083836488	0.272727273	1	2
338	9.535173585	0.761905885	381290.2145	291970.6756	0.319846751	4.341882E+18	1.195108103	0.545454545	1	1
339	0.445357312	0.621702904	949946.3076	244850.6092	0.228751374	5.799990E+17	1.102084033	0.181818182	1	2
340	2.642763348	1.117105659	327592.7432	69698.67794	0.29609682	9.667680E+17	1.159170086	0.454545455	1	1
341	5.686816429	0.826950328	607554.1265	151183.2671	0.102832472	2.779149E+18	1.135841462	0.363636364	1	2
342	7.069011214	0.979312961	339846.6578	170642.1692	0.248842279	2.322358E+18	1.110978385	0.454545455	1	1
343	8.182955168	0.644400193	664570.7196	46729.79132	0.211820572	8.816469E+17	1.135981781	0.636363636	1	2
344	0.128376051	1.43622244	394031.6385	123444.7544	0.25507039	2.697544E+18	1.125089797	0.272727273	1	1
345	7.791889654	1.282720547	438895.9451	226747.8124	0.108988156	3.244159E+18	1.145543468	0.454545455	1	2
346	0.831669832	1.066327196	521251.4563	280811.633	0.305988743	2.600496E+17	1.105535361	0	1	1
347	4.405330485	0.592195807	495769.7658	138942.7905	0.147098577	1.818973E+18	1.06563358	0.363636364	1	2
348	9.732936416	0.96265459	585945.8681	216092.9584	0.168306116	7.095898E+17	1.188569905	0.090909091	1	1
349	1.683849276	1.25244945	453883.3257	273847.5938	0.245264592	3.692523E+18	1.187025169	0.363636364	1	2
350	6.11899243	0.627313452	412221.6057	92180.54893	0.251266096	1.667635E+18	1.114252932	0.636363636	1	1
351	3.460208827	1.015914838	354839.7455	258761.7724	0.112800591	2.172209E+18	1.138102027	0.727272727	1	2
352	9.342494381	1.403212545	310489.9544	35432.5576	0.150669785	3.147098E+18	1.12246801	0	1	1
353	2.386548207	0.541354821	630931.3793	116892.8943	0.313877485	1.330034E+18	1.160144115	0.363636364	1	2
354	0.956133283	0.727545701	322840.0925	204933.8436	0.214273928	3.893166E+18	1.126417023	0.454545455	1	1
355	6.865877504	1.148138498	367482.0865	156678.057	0.16216508	1.118350E+18	1.081198624	0	1	2
356	9.024216114	0.589319294	958494.4643	188245.2517	0.124554472	4.316082E+17	1.19908468	0.545454545	1	1
357	7.256934515	0.778704681	541453.2112	246520.0403	0.15683255	3.630858E+18	1.175563174	0.090909091	1	2
358	8.605291629	0.843914145	466141.0334	105732.6614	0.299785331	4.466881E+18	1.164544246	0.090909091	1	1
359	2.76245889	0.672111822	777283.214	298540.6311	0.189335208	2.568990E+18	1.129743935	0.727272727	1	2
360	1.10409311	0.661170254	579187.7439	70211.89232	0.130351548	2.812697E+18	1.112557561	0.636363636	1	1
361	4.758205826	0.996247849	403888.7745	212086.9503	0.28923714	4.366273E+18	1.196655639	0.090909091	1	2
362	8.876466691	0.790958204	739646.8151	53164.93577	0.163320097	1.474577E+18	1.166439347	0	1	1
363	7.421702377	0.575211736	360496.1855	113021.6913	0.194821319	4.875389E+18	1.065191852	0.545454545	1	2
364	0.400537204	1.299548099	304845.7352	185531.171	0.188651803	4.502074E+17	1.116679216	0.181818182	1	1
365	4.058188994	0.555725665	825120.6951	176463.8924	0.245514938	3.973741E+18	1.17077247	0.454545455	1	2
366	9.885263448	0.898116483	317488.8283	84370.33902	0.116316615	1.785371E+18	1.137163852	0.363636364	1	1
367	2.917210781	1.521670626	372845.5439	281336.4858	0.140125139	3.210480E+18	1.167564435	0.727272727	1	2
368	5.961413642	0.693951942	693569.2564	225151.5381	0.333328151	2.356034E+17	1.172221465	0	1	1
369	3.620151721	0.810056698	548687.4096	126087.4624	0.178856024	9.229903E+17	1.179847963	0.090909091	1	2
370	5.571215954	1.13399111	416147.2671	43049.13386	0.225808202	2.748111E+18	1.094076017	1	1	1
371	2.231702097	0.745111035	474974.3529	251087.4857	0.277749037	2.373002E+18	1.195492626	0.636363636	1	2
372	3.866604867	1.164924766	476251.8207	116355.4595	0.120004982	3.199437E+18	1.168051647	0.909090909	1	1
373	6.906536454	0.915179209	558889.6194	37007.94586	0.28700294	1.373140E+18	1.142561718	1	1	2
374	8.330386302	0.710652344	433418.3717	177789.1745	0.144054734	2.224616E+18	1.153317178	0.272727273	1	1
375	0.681722078	0.860857196	377599.1188	146225.719	0.221886692	1.635831E+18	1.142096521	0.636363636	1	2
376	5.449230997	0.655346102	866475.2483	257159.4512	0.10780739	4.125368E+18	1.118830054	0.272727273	1	1
377	4.570171661	0.795548953	602312.7379	271225.7759	0.20080535	6.869424E+17	1.163407117	0.090909091	1	2
378	6.515741542	1.554018477	331296.0567	219786.2018	0.274054134	3.660652E+18	1.18250397	0.909090909	1	1
379	3.188088969	0.610493967	344038.2417	50073.7896	0.330860261	4.423794E+18	1.110097811	0.272727273	1	2
380	8.989771721	1.269441941	389852.2507	248092.0943	0.293049661	5.989009E+17	1.160117377	0.181818182	1	1
381	7.66564637	1.653252531	307192.2196	123938.271	0.242560645	4.239095E+18	1.161122007	0.363636364	1	2
382	9.379941833	0.558289436	512833.1874	160383.9648	0.2680296	2.961414E+18	1.09828003	0.454545455	1	1
383	0.600493101	0.69005589	755903.331	106239.5792	0.295872223	1.922968E+18	1.191543638	0.545454545	1	2
384	5.846678857	1.032684626	488901.7899	284290.1628	0.185074201	3.915869E+18	1.189229404	0.818181818	1	1
385	0.18132976	0.567852395	414073.0493	276546.3199	0.100629581	8.505847E+17	1.096110331	0.727272727	1	2
386	7.522870323	0.957250896	371552.4808	42464.97162	0.261562117	3.098285E+17	1.186988456	0.454545455	1	1
387	4.655118885	1.479550742	313119.2595	255774.784	0.242494193	4.734646E+18	1.198293578	1	1	2
388	6.449171538	0.617954615	645459.488	166404.1584	0.1654515	1.712892E+18	1.160546628	0	1	1
389	5.018794779	0.803092882	300474.7359	155421.3187	0.302581342	3.350932E+18	1.176861092	0.090909091	1	2
390	8.983080399	0.87225723	675970.3262	296235.4707	0.146477945	4.951310E+18	1.111794511	0.818181818	1	1
391	2.178502008	1.088683541	359201.6919	210532.7028	0.313506108	1.926040E+18	1.110537687	0.181818182	1	2
392	1.319309974	0.720296234	531765.1873	62155.5633	0.247587637	4.288532E+18	1.13077279	0.363636364	1	1
393	8.70014067	0.596836553	799449.4859	78162.31603	0.338799387	5.501088E+17	1.083057899	0.454545455	1	2
394	2.66762896	0.920241961	457076.0062	187122.6256	0.209602907	2.888692E+18	1.194863512	0.818181818	1	1
395	8.033075961	0.752284336	573125.4775	101467.7703	0.11316146	3.838700E+18	1.079156076	0.363636364	1	2
396	4.76985605	1.139120811	517790.1719	196656.6292	0.150283111	1.213887E+18	1.093172934	0.636363636	1	1
397	6.568790309	0.821811394	447069.4873	242281.956	0.317076356	3.040324E+18	1.1315264	0.545454545	1	2
398	1.986478688	0.631064901	708186.4735	148214.9879	0.202995229	4.005643E+17	1.098392399	0.090909091	1	1
399	4.222492988	0.703241941	391926.9454	75701.38119	0.170731832	3.501374E+18	1.115396445	0.909090909	1	2
400	8.580119743	1.193443858	349188.6791	290063.3515	0.205797681	1.476194E+18	1.085610999	0	1	1
401	0.374174034	0.90355012	615664.3447	200668.4732	0.252780064	4.502631E+18	1.14936369	0.181818182	1	2
402	5.75798067	0.546155788	926787.8247	55848.7911	0.138114862	2.462963E+18	1.143765694	0.272727273	1	1
403	7.110275344	0.731214747	819441.0369	282325.6452	0.270043822	2.600898E+18	1.151960597	1	1	2
404	1.756330617	1.054860143	336447.9246	121158.3054	0.159243972	7.582518E+17	1.174095917	0.090909091	1	1
405	2.870312773	0.584683639	661722.5038	263000.3667	0.301284754	1.562780E+18	1.138878211	0	1	2
406	6.065732446	1.376767482	379675.244	177320.6926	0.10431713	4.583358E+18	1.099106669	0.909090909	1	1
407	3.729532086	1.224050505	434713.3422	141517.502	0.257866397	4.075267E+18	1.160648534	0.545454545	1	2
408	5.519313475	1.00791875	505139.5321	96418.65786	0.214649549	2.295852E+18	1.188206682	1	1	1
409	9.093012218	0.668523625	480622.5339	220357.8088	0.238571894	1.300162E+18	1.122582389	0.818181818	1	2
410	1.121533802	0.790011571	479256.892	152270.233	0.112134665	3.716408E+18	1.102004963	0.363636364	1	1
411	4.73552529	0.86006594	503773.8634	293059.6703	0.315113098	4.678993E+18	1.145613994	0.545454545	1	2
412	6.680945726	1.109813535	436079.0206	213708.5035	0.151894866	1.691221E+18	1.126883849	0.272727273	1	1
413	4.344711392	1.499441816	381040.8866	110405.1865	0.245913349	2.166480E+18	1.173477969	0	1	2
414	7.384493209	0.740974341	660356.847	58978.59961	0.168946179	3.978715E+18	1.187995549	0	1	1
415	8.458201694	0.941809832	335082.2469	183970.3858	0.250055888	3.141667E+18	1.154365512	0.545454545	1	2
416	2.595828159	0.575449586	820809.767	72908.87219	0.139724784	2.218410E+17	1.132449417	0.545454545	1	1
417	1.868790553	1.34933898	347432.3846	81708.518	0.324908891	3.897723E+18	1.163542965	0	1	2
418	5.953582411	0.554861467	393683.2272	279722.1404	0.299029443	1.122610E+18	1.116498252	0.818181818	1	1
419	7.760536843	0.745167644	706427.1273	223564.88	0.327704	2.817103E+18	1.142443218	0.909090909	1	2
420	3.607308336	0.978628992	448825.781	45641.94738	0.213154119	6.193537E+17	1.097266931	0.636363636	1	1
421	2.258979939	0.638706619	574881.7444	169556.4183	0.236139772	1.460210E+18	1.090565216	0.545454545	1	2
422	6.884069899	1.076139089	458832.3088	117981.3902	0.321096784	4.674743E+17	1.145840232	0.454545455	1	1
423	1.671275839	0.710018827	797690.1308	277031.184	0.191431543	2.966382E+18	1.142353677	0.909090909	1	2
424	8.348365224	0.605534246	533521.4691	259848.1754	0.102180966	1.909210E+18	1.197890724	0.454545455	1	1
425	0.293786107	1.36383488	400056.6678	180472.8847	0.295459508	4.892289E+18	1.087572407	0.545454545	1	2
426	8.815030945	1.671625328	340386.229	295125.3694	0.138878037	7.816194E+17	1.108077991	0.818181818	1	1
427	7.644790183	1.245503382	357445.3885	144668.7963	0.216732163	4.346699E+18	1.160226663	0.818181818	1	2
428	4.532898716	0.655633393	302231.0028	217181.7995	0.166712548	9.718841E+17	1.162301041	0.545454545	1	1
429	3.180031837	0.773324204	644093.8462	104644.6653	0.305247732	4.129770E+18	1.084932172	0.636363636	1	2
430	5.130946634	1.601036687	314484.917	48471.54617	0.108205485	2.318711E+18	1.180086391	0.909090909	1	1
431	6.800488904	0.609778082	887170.0456	153468.2349	0.273654322	6.725798E+17	1.130812314	0.454545455	1	2
432	2.066040316	0.843015928	370186.8121	245434.1352	0.148207858	2.693601E+18	1.126093252	0	1	1
433	9.407614854	0.690524482	412707.3925	78852.65577	0.249608695	3.267151E+18	1.156657391	0.454545455	1	2
434	0.61198808	0.558626328	1055959.318	61142.33555	0.33648531	2.210272E+18	1.136692815	0.363636364	1	1
435	2.78985332	1.214938187	471189.2989	286887.3534	0.253978729	1.842262E+18	1.154996378	0.909090909	1	2
436	5.833906401	0.890997585	588981.7979	203844.4705	0.210685427	4.831201E+18	1.153039486	0.909090909	1	1
437	3.822808913	0.885884381	490270.5073	87514.23057	0.285156746	1.532096E+18	1.17136218	0.454545455	1	2
438	9.811786565	0.568040792	754537.6645	181725.4592	0.174827478	4.301723E+18	1.173653853	0.090909091	1	1
439	0.168686796	0.680830076	514201.884	228336.6247	0.141270246	5.445358E+17	1.157151247	0.090909091	1	2
440	1.886667013	1.76696022	308948.5014	197182.93	0.106731879	1.818171E+18	1.163995285	1	1	1
441	7.514686382	0.831567534	671656.9148	129271.6514	0.220920434	1.194423E+18	1.189011463	1	1	2
442	0.715749441	1.121455034	388483.5325	39864.94467	0.177657352	2.982042E+18	1.175738212	0.818181818	1	1
443	6.481413702	0.76573185	345406.9473	254230.4724	0.1989024	2.007227E+18	1.136298762	0.909090909	1	2
444	3.231879578	1.440311169	333055.3791	152743.0118	0.136176817	1.282162E+18	1.143063752	0.545454545	1	1
445	5.021811593	0.648221169	600553.4073	67068.02088	0.329425139	3.066265E+18	1.139804778	0	1	2
446	8.945671108	0.983924856	375839.7615	208901.8757	0.127414526	4.057048E+18	1.184453405	0.636363636	1	1
447	1.296982446	0.596021804	431659.0501	109837.5223	0.26665227	4.603664E+18	1.139332283	0.181818182	1	2
448	2.685441435	1.07094437	557130.277	233784.9463	0.182758349	3.794668E+18	1.128317844	1	1	1
449	8.020065236	0.631401608	473215.0223	53257.89795	0.132488765	4.751766E+18	1.162754227	0.818181818	1	2
450	4.802002399	1.257060888	417906.6103	244949.1884	0.123484332	3.265828E+17	1.14708754	0.727272727	1	1
451	6.596205689	0.967006515	546928.0522	195091.7179	0.29043788	3.343649E+18	1.137638365	0.909090909	1	2
452	4.254967014	0.545440017	691809.9348	163528.0331	0.197371554	2.614093E+18	1.096231786	0.181818182	1	1
453	7.45603201	1.407038214	374604.8752	74160.93183	0.270574097	8.311572E+17	1.192825807	0.454545455	1	2
454	0.366508057	1.020263545	315729.4858	287475.4263	0.233451974	4.206341E+18	1.149149289	0.272727273	1	1
455	5.764520864	0.702657876	826876.9866	111525.9174	0.103784911	1.557202E+18	1.127243316	0.363636364	1	2
456	7.146031351	0.58497107	919374.5725	227175.6757	0.244196031	3.516327E+18	1.157350776	0.363636364	1	1
457	9.929365863	1.152749968	303477.0021	119539.5806	0.281585997	2.834254E+18	1.176365797	0.727272727	1	2
458	1.719296239	0.936325679	636357.4157	33823.82544	0.118397985	1.045459E+18	1.159070159	0.272727273	1	1
459	2.873418399	0.73163389	361864.8821	174646.2484	0.334471212	2.459143E+18	1.067198451	1	1	2
460	0.910213944	0.66775832	738281.1338	251897.8158	0.306910389	3.853634E+18	1.087643951	0	1	1
461	3.732300499	1.104767277	534570.3917	93752.71081	0.224491127	4.971653E+18	1.18072746	1	1	2
462	5.536882167	0.848262819	405257.5069	143081.6386	0.181462106	1.982858E+18	1.138720438	0.363636364	1	1
463	9.070154806	0.782789909	580556.4495	268040.4924	0.279418412	3.967623E+17	1.117337279	0.636363636	1	2
464	1.571389348	1.000863833	467900.3915	165381.7092	0.169508578	2.050928E+18	1.176747342	0.909090909	1	1
465	4.752673386	1.746906713	336005.9749	72546.81182	0.228005759	2.373954E+18	1.141759407	0.363636364	1	2
466	3.035722801	0.664995384	543212.5425	41444.61574	0.253405249	1.247424E+18	1.137262022	0.727272727	1	1
467	3.582432568	1.303901528	365722.7291	232034.151	0.307604881	3.534935E+18	1.177617799	0.363636364	1	2
468	9.220580477	0.579033647	324599.4149	133681.1754	0.316425765	1.510044E+18	1.161780151	0.454545455	1	1
469	7.867675433	0.697777104	629562.6819	188144.5748	0.21541505	3.750985E+18	1.099355858	0.909090909	1	2
470	1.068589019	1.525755299	311858.66	235352.983	0.258624119	7.258622E+17	1.17437973	0	1	1
471	6.753722078	0.902732436	353471.0273	63175.42129	0.237437665	4.550681E+18	1.179381437	0.909090909	1	2
472	2.112826253	0.551114154	889222.181	205238.9742	0.123237519	2.407883E+18	1.109560873	0.454545455	1	1
473	4.094934303	0.748932978	410852.8994	297257.0256	0.158503877	4.088312E+18	1.136490686	0.818181818	1	2
474	8.727209687	1.138344572	455252.0432	64437.04289	0.105435113	1.313493E+18	1.15703633	0.272727273	1	1
475	0.521263978	0.814669689	584577.135	156444.9023	0.30239312	3.088373E+18	1.108333704	0.545454545	1	2
476	5.18419527	0.714736318	494401.0684	199647.5537	0.262201265	4.240484E+18	1.161058642	0	1	1
477	8.798148667	0.91952708	519882.738	74678.43304	0.164242208	2.639079E+18	1.18293387	0.818181818	1	2
478	1.993570277	1.169540387	440264.6774	161939.6234	0.241242333	8.653769E+17	1.054145503	0	1	1
479	1.446868696	0.799638205	663202.0133	241259.3709	0.31794208	3.302883E+18	1.18448127	1	1	2
480	8.533509912	0.650996751	805484.8149	295356.4423	0.230949064	2.260051E+18	1.121685093	0.909090909	1	1
481	2.520538978	0.865210088	338477.9247	100447.2764	0.101864278	4.701699E+18	1.193265862	0.363636364	1	2
482	3.98025318	0.950018117	609313.4847	221379.2282	0.246468743	3.625646E+17	1.193902648	0.090909091	1	1
483	7.181167214	1.274057595	325833.4007	268561.3239	0.173203025	3.382996E+18	1.150888246	0.909090909	1	2
484	0.015919695	0.614577973	383049.5458	97442.10389	0.210383742	1.957817E+18	1.169591711	0.181818182	1	1
485	7.669969804	1.037037486	428004.5632	264022.4217	0.30367483	2.499891E+18	1.117450173	0.727272727	1	2
486	3.697856264	0.685706571	716887.5804	136197.149	0.177871321	4.538323E+18	1.146002246	0	1	1
487	6.321603316	0.56237872	551949.9112	122178.2672	0.145722973	1.095508E+18	1.075332402	0.363636364	1	2
488	3.332747035	0.571676816	450050.8703	238015.2329	0.223126668	3.166489E+18	1.171274223	0.545454545	1	1
489	8.864644896	1.332334081	408825.8885	56343.60233	0.273432371	2.191381E+18	1.087214232	0.727272727	1	2
490	1.908849396	1.042545459	526339.1517	114111.0963	0.200138265	4.013132E+18	1.175349022	0.363636364	1	1
491	9.567324554	0.621776076	681359.7426	213174.914	0.285796151	4.628870E+18	1.157010567	0.363636364	1	2
492	1.518388339	1.483640017	352225.3618	294631.7263	0.118751047	1.650624E+18	1.141312062	0.727272727	1	1
493	5.678827395	0.96186334	307438.8325	71297.82921	0.144689089	3.675733E+18	1.199580764	0.454545455	1	2
494	3.991722192	1.093031403	320181.0179	173249.6597	0.190246357	4.410174E+18	1.136568307	0.454545455	1	1
495	7.03165378	0.87687286	639984.6492	250000.7038	0.267276702	1.435443E+18	1.199672171	0.727272727	1	2
496	1.833654775	0.643371341	904233.1051	141551.1932	0.152725013	4.328101E+18	1.126545558	0.454545455	1	1
497	8.185737736	0.806917336	364478.494	124998.5895	0.186162411	5.849913E+17	1.170889334	0.181818182	1	2
498	0.849563966	0.924854372	421183.6552	224063.0745	0.331645889	1.172750E+18	1.199820955	1	1	1
499	5.597551181	0.592219442	735425.6172	31399.23684	0.217443907	3.465500E+18	1.128608269	0.909090909	1	2
500	4.382798513	0.724117726	595883.3536	83283.90424	0.128664713	2.122666E+18	1.163021178	0.363636364	1	1
501	3.874468429	0.62671291	769071.4424	128004.6988	0.323252079	3.616495E+18	1.130304771	0.727272727	1	2
502	9.76014616	0.826159587	486072.9862	272313.588	0.194169112	1.024941E+18	1.167058306	0.909090909	1	1
503	6.574291657	1.826678785	317833.1001	111953.9704	0.256430905	1.301110E+18	1.105184242	1	1	2
504	6.106062171	0.756369018	512140.2506	147311.5022	0.23309513	2.573391E+18	1.083247077	0.818181818	1	1
505	7.600499317	0.541807016	987774.7802	85353.3962	0.260641272	3.878822E+18	1.197177695	0.727272727	1	2
506	3.452309796	0.907903591	654782.8179	178876.6084	0.130970568	1.887322E+18	1.1339858	0.818181818	1	1
507	5.403374028	1.19805684	385076.8428	260373.0262	0.327958795	4.860885E+18	1.077842161	1	1	2
508	2.419075281	0.707331644	331034.0967	38097.47079	0.288015016	4.359909E+17	1.181518024	0.727272727	1	1
509	7.919504165	1.380592602	343677.1901	206491.5407	0.22693235	1.798704E+18	1.161659956	0	1	2
510	0.959435008	0.588768353	622713.9147	283201.8206	0.179958654	4.778126E+18	1.18180511	0.818181818	1	1
511	4.883332688	1.059208304	397426.2016	159297.6494	0.277010558	3.223523E+18	1.141675121	1	1	2
512	7.234319693	0.67261336	441509.1986	190861.8779	0.115181255	2.715433E+18	1.157636013	0.818181818	2	1
513	1.396709229	0.844646364	702650.5716	65689.8662	0.244732969	7.227800E+17	1.108292322	0.727272727	2	2
514	8.62281681	1.012272189	566039.283	48984.76256	0.334099817	4.161198E+18	1.193494068	0.545454545	2	1
515	3.757959534	0.788212516	530237.4804	190574.2947	0.186720084	3.016686E+18	1.167118158	0	2	2
516	0.223465895	0.853388891	455524.5975	49753.92832	0.269709368	3.862304E+18	1.165167237	0.636363636	2	1
517	6.222409513	0.662635145	788548.2453	211312.6575	0.159374607	1.973860E+18	1.167826462	0.454545455	2	2
518	7.560004808	0.734946092	311350.7392	283819.0545	0.124357274	4.479360E+18	1.100001069	0.545454545	2	1
519	4.617779751	1.157646066	354577.1049	77891.49347	0.132169691	5.041776E+17	1.159692343	0	2	2
520	2.45944524	0.58195418	969836.849	236186.0642	0.214544551	1.036259E+18	1.151596885	0.363636364	2	1
521	5.05492284	1.023279952	366829.5812	179316.1099	0.202861847	1.586089E+18	1.159425979	0.454545455	2	2
522	8.942161391	0.548753023	640761.7208	37480.22736	0.223975243	7.349040E+17	1.13147907	0.454545455	2	1
523	2.142616929	1.412689472	324090.7427	114713.1317	0.18069625	3.761197E+18	1.194764143	0.636363636	2	2
524	9.488585233	1.259847901	468173.6965	218000.8739	0.335245274	3.097394E+18	1.185153795	1	2	1
525	1.283402152	0.972131268	598223.6046	271544.4278	0.138215283	1.323689E+18	1.186219305	0.545454545	2	2
526	8.736248447	0.817021554	733089.1093	256575.9472	0.170393832	4.761828E+18	1.191013799	0.909090909	2	1
527	2.7084827	0.63682296	421971.3483	147599.096	0.281197339	2.272286E+18	1.086222561	0.181818182	2	2
528	7.997024269	1.073725655	506668.0139	224832.6873	0.275927373	8.738556E+17	1.136258279	0.454545455	2	1
529	1.193208543	1.292197217	426911.0745	283122.009	0.198939493	2.648737E+18	1.092707205	0.727272727	2	2
530	6.609785685	0.599561178	482173.1916	82996.77519	0.177000475	2.423917E+18	1.136208793	0.818181818	2	1
531	4.258477029	0.988822726	325572.6723	249560.6129	0.338932769	1.736530E+18	1.190094327	0.818181818	2	2
532	8.544073955	1.443620634	384299.056	44691.39153	0.285126089	3.311350E+18	1.197102447	0.636363636	2	1
533	0.333396513	0.653877128	650872.3779	125615.2475	0.121889214	2.862246E+17	1.165831306	0.909090909	2	2
534	1.793606589	0.771380374	396650.6198	212558.2454	0.22995956	4.927783E+18	1.138977292	1	2	1
535	8.225948657	0.612193139	934635.0091	197437.2654	0.318712089	1.184943E+18	1.180393901	0.636363636	2	2
536	2.82810027	0.836457905	620361.3609	71737.91458	0.19290855	3.374499E+18	1.146839961	0.454545455	2	1
537	6.028556256	1.124473211	338216.4448	149012.4522	0.266130894	3.528886E+17	1.133003305	0.636363636	2	2
538	5.48210277	0.684376434	565250.0995	238302.3715	0.29490081	2.865383E+18	1.143312928	0	2	1
539	4.498370292	0.56525793	703437.5856	289810.0384	0.261431482	1.522269E+18	1.169648374	1	2	2
540	9.135004482	0.888672586	439170.4135	113341.49	0.135981368	4.311880E+18	1.16095473	0.090909091	2	1
541	8.102659241	1.200844182	420873.3115	175662.9164	0.167379495	4.021561E+18	1.184458613	0.272727273	2	2
542	1.147321183	0.879250138	537735.0483	263455.1398	0.240573465	2.200979E+18	1.161720446	0.090909091	2	1
543	5.299794001	0.570379633	1004712.542	135510.4527	0.129652729	4.839580E+18	1.178662005	0.636363636	2	2
544	4.719809231	0.679073698	463999.917	122667.7302	0.216675843	1.396742E+18	1.079433394	0.727272727	2	1
545	7.378236779	0.829153956	319135.6178	221748.6964	0.295507558	6.636704E+17	1.142852852	0.636363636	2	2
546	1.487071738	0.623633553	836118.8186	43306.72324	0.185174623	2.702180E+18	1.062181091	1	2	1
547	8.493449301	0.759758895	695190.8182	96754.81809	0.153493308	1.659069E+18	1.158534825	0.909090909	2	2
548	0.443749873	1.589817419	364950.1991	139747.6225	0.320436216	4.638489E+18	1.126638007	0.727272727	2	1
549	9.845703444	0.642073009	352696.2923	241946.6461	0.254488208	3.601777E+18	1.149796302	0.272727273	2	2
550	2.956985752	1.233519041	306394.1838	52362.75067	0.249424205	1.426887E+18	1.132490042	0.454545455	2	1
551	3.659951633	0.594078087	583791.6831	199158.1003	0.311592586	3.939397E+18	1.156803392	0.909090909	2	2
552	6.359689727	0.721764697	747374.1688	185788.0663	0.222254104	4.962661E+17	1.197269074	0.636363636	2	1
553	2.196876714	1.064386202	408516.32	75245.72151	0.107702392	2.937846E+18	1.131725755	1	2	2
554	6.946172826	0.625373503	523784.7738	297746.0425	0.20765993	4.389545E+18	1.175948487	0.727272727	2	1
555	5.226978834	1.719281968	305591.8889	265534.0193	0.184366099	3.112998E+18	1.188523344	0.272727273	2	2
556	8.295722224	0.964537916	499876.9768	155877.1653	0.245619937	2.789459E+18	1.141581472	0.818181818	2	1
557	3.073343658	0.759257497	757478.3558	247307.4186	0.115949203	6.467398E+17	1.168975943	0.909090909	2	2
558	0.641998386	0.543640817	342390.7012	187457.8729	0.152196548	3.452237E+18	1.120667126	0.090909091	2	1
559	6.555374281	1.335479357	397748.3705	106513.984	0.111273627	1.877058E+18	1.16943804	0.181818182	2	2
560	7.908024623	0.587429838	871125.7305	115569.933	0.289136719	3.151761E+18	1.140268191	1	2	1
561	3.144784528	0.929827842	385398.2372	275155.2455	0.163684762	2.120748E+17	1.100557845	0.272727273	2	2
562	9.033128857	1.485880047	329748.3591	86629.68976	0.212754502	4.787182E+18	1.153532173	0.636363636	2	1
563	2.072296448	0.729750375	610086.6346	134367.8678	0.259768825	1.808938E+18	1.138838321	1	2	2
564	9.423331211	0.845977665	554284.9293	165949.4518	0.106171944	2.349694E+18	1.187211091	0.454545455	2	1
565	1.369360508	1.098063576	487130.2238	257432.4901	0.299437322	4.171444E+18	1.115455016	0.636363636	2	2
566	5.808118721	0.77668132	428791.601	40955.60939	0.324124753	9.463369E+17	1.130597882	0.181818182	2	1
567	3.309400836	0.99844427	516550.5873	143432.6272	0.124688884	1.681606E+18	1.151012521	0.363636364	2	2
568	5.2555839	1.216650114	449870.4301	94108.28195	0.287951404	4.670543E+18	1.140130691	0.636363636	2	1
569	1.922124124	0.659016056	491043.6692	267338.8559	0.328574504	6.956571E+17	1.160695485	0.818181818	2	2
570	4.373591347	0.73858011	808865.7938	226474.4999	0.300148966	3.215217E+18	1.180283435	0.363636364	2	1
571	9.571139801	1.047492849	347741.9535	33275.14279	0.189233757	1.344226E+18	1.144834672	0.636363636	2	2
572	2.60669735	1.367292735	392384.9011	265038.7668	0.194239167	3.969112E+18	1.146391531	0	2	1
573	5.646021119	0.577283514	672443.9407	175150.1999	0.271252685	2.158056E+18	1.117171414	0.818181818	2	2
574	7.106269361	0.69584349	379741.8091	163024.0922	0.140714633	2.915327E+18	1.17242663	0.545454545	2	1
575	8.140724876	0.896184757	606029.3276	288024.1144	0.28272614	3.907429E+18	1.111103659	1	2	2
576	0.091179651	1.18393435	335392.5902	202839.2878	0.115727381	2.090513E+18	1.124642855	1	2	1
577	2.91330494	0.553523082	939021.3167	112227.1037	0.168176282	1.858459E+18	1.113885964	0.272727273	2	2
578	0.794479337	0.742774579	561043.0416	53959.52485	0.203208237	4.453019E+18	1.19566399	0.090909091	2	1
579	4.447342921	0.812334467	437124.4203	194740.7228	0.227101278	3.644755E+18	1.196132188	0.909090909	2	2
580	6.402678892	1.13172261	504291.3329	244593.6268	0.180382989	6.278396E+17	1.167873878	0.090909091	2	1
581	9.186050964	0.640539382	720122.9094	69424.51452	0.112904789	9.958402E+17	1.107111293	0.909090909	2	2
582	7.974996285	1.802620778	326788.6046	141296.857	0.300953829	3.778978E+18	1.130178948	0	2	1
583	9.69560205	0.712931128	546153.3291	109136.332	0.337605179	4.902558E+18	1.112683666	0.454545455	2	2
584	0.284747942	0.604236935	785109.8936	157480.0007	0.248738081	1.145678E+18	1.180583744	0.636363636	2	1
585	6.161146502	0.912843767	470867.9048	234136.3901	0.119656945	3.493416E+18	1.103121357	0.727272727	2	2
586	3.497322954	0.793616212	314944.022	67571.38845	0.272534679	2.765178E+18	1.14000247	0.272727273	2	1
587	9.305137272	1.08131817	369129.5749	298283.9771	0.223406345	2.540066E+18	1.168173934	0.636363636	2	2
588	2.344459402	0.86274773	689473.3435	208352.6182	0.176453366	4.355814E+18	1.176377663	0.909090909	2	1
589	0.992240985	0.94774307	356387.3999	129820.9155	0.291522668	8.955096E+17	1.18882536	0.636363636	2	2
590	4.879517739	0.608479877	632456.9531	253727.1144	0.135448547	2.308461E+18	1.159013677	0.636363636	2	1
591	6.829974451	1.472150609	302690.8822	168583.921	0.332386995	4.120693E+18	1.155992232	0.181818182	2	2
592	7.221044668	1.030529414	575092.6405	87162.78131	0.228616962	1.833201E+18	1.157846969	0.545454545	2	1
593	8.646163307	0.560484843	401343.1564	229037.8046	0.190661535	2.457875E+17	1.136561451	0.545454545	2	2
594	1.164354284	1.643743023	320751.7123	43075.6622	0.332557694	4.843599E+18	1.158210115	0.636363636	2	1
595	1.633797395	0.565654936	502998.2697	79484.24835	0.297944424	3.566064E+18	1.154340709	1	2	2
596	8.385661887	0.682655629	765787.3584	60840.84125	0.265883981	2.509162E+18	1.138550809	0.454545455	2	1
597	2.983384884	1.040082956	476904.3263	203423.434	0.154966943	4.529968E+18	1.198121841	0.090909091	2	2
598	5.329336862	0.619970773	334293.0753	104342.6018	0.240974553	3.828664E+18	1.127732072	0	2	1
599	2.492749749	1.276807176	375566.4561	194251.463	0.263081555	1.203552E+18	1.155899637	0.181818182	2	2
600	7.832123004	0.870364644	388210.9785	92516.81125	0.311979358	2.230887E+18	1.098696545	0.090909091	2	1
601	3.220705183	0.645836208	855217.848	167199.7759	0.197781043	4.730019E+18	1.196333088	0.363636364	2	2
602	4.970504325	1.561418989	346643.869	273132.3396	0.304108347	3.056074E+18	1.093637286	1	2	1
603	6.759673127	0.805023571	613520.8407	217483.8726	0.110875932	1.273136E+18	1.134035035	0.545454545	2	2
604	4.11095578	0.922579471	569420.3319	118402.4212	0.256939848	7.685618E+17	1.136930628	0.636363636	2	1
605	7.306983867	1.174399633	489164.4301	34829.40639	0.209958495	3.785631E+18	1.174924122	0.818181818	2	2
606	0.495781382	0.718019518	444915.3529	259216.5722	0.173955146	1.610444E+18	1.184154433	0.454545455	2	1
607	3.4150168	1.141391363	405518.9863	124047.7107	0.315790835	3.334012E+18	1.152078001	1	2	2
608	5.209677569	0.819531573	535872.5443	45220.4638	0.148763702	3.181197E+17	1.153232001	0.272727273	2	1
609	8.782127488	0.75461874	459609.3684	170187.5567	0.307678569	1.759123E+18	1.155563495	1	2	2
610	7.424410279	0.548360422	840322.4045	265896.091	0.335459114	4.578685E+18	1.196626171	0.272727273	2	1
611	1.440917349	0.905483915	304571.2657	138606.466	0.206379821	2.380720E+18	1.182569264	0.818181818	2	2
612	2.556091705	0.701352461	678514.3249	279420.6526	0.243428082	8.215042E+17	1.144701646	0.454545455	2	1
613	5.75639345	1.531145236	361344.3844	227463.1372	0.170149894	2.605609E+18	1.132426845	0.272727273	2	2
614	3.908384014	0.582609809	374085.1289	59280.09792	0.10490638	4.279967E+18	1.100711029	1	2	1
615	8.269629329	1.309057985	316822.9749	238844.591	0.158654466	1.055151E+18	1.118974033	1	2	2
616	7.722308019	0.670679891	592893.7165	151639.085	0.160236913	3.417641E+18	1.157983313	1	2	1
617	6.259194971	1.005724398	418167.3391	293481.1474	0.25915923	4.980079E+18	1.127972414	0.181818182	2	2
618	2.297352434	0.781483329	725793.8769	98036.46297	0.133361214	2.060477E+18	1.123594762	0.272727273	2	1
619	3.761709682	1.221345292	395025.7249	287875.1092	0.329676668	1.037918E+18	1.185532654	0.090909091	2	2
620	8.435453246	0.665824594	339839.9107	73506.10668	0.294378733	4.263097E+18	1.134799095	0.272727273	2	1
621	0.771966456	1.053340426	496422.1016	244442.2599	0.193429709	4.997359E+18	1.131108958	0.363636364	2	2
622	5.358967546	0.738133558	760298.6546	150239.2681	0.319346783	2.038840E+18	1.193715887	0	2	1
623	4.621506112	0.578813336	520940.8194	99444.37175	0.22954048	3.400423E+18	1.193166768	0.090909091	2	2
624	2.590708644	1.664416655	302796.7641	134781.286	0.250962804	4.674004E+18	1.17910657	0.363636364	2	1
625	3.249191449	0.696455996	425312.1225	222382.1251	0.122425022	1.738437E+18	1.198794605	0.909090909	2	2
626	8.928802696	1.186651732	483773.7663	143547.1769	0.141487439	3.313544E+18	1.133684153	1	2	1
627	2.133988589	0.900851089	551367.9249	94259.20644	0.338528337	3.388164E+17	1.157317909	0.272727273	2	2
628	9.475240749	0.750764619	606509.6861	265194.7565	0.17740582	8.010570E+17	1.189944848	0.272727273	2	1
629	1.274788359	1.608310895	327099.145	175260.1991	0.220695892	2.626322E+18	1.172064418	0.363636364	2	2
630	0.544428322	0.633633126	874775.1538	280130.3425	0.146192354	4.562621E+18	1.080630514	0.272727273	2	1
631	5.902762709	0.815941091	382774.0123	119098.8896	0.275390647	2.401215E+18	1.183760689	0.818181818	2	2
632	7.998328316	1.509648103	368453.3317	253616.4592	0.118613375	3.077620E+18	1.119940238	0.272727273	2	1
633	1.20900857	0.713374333	697961.529	168428.5869	0.281832033	1.251179E+18	1.176762598	0.909090909	2	2
634	4.824211388	0.917670646	322468.4212	40305.69772	0.137917048	2.252802E+18	1.152526308	0.454545455	2	1
635	8.810480202	0.602701707	833225.2761	216246.9718	0.251996319	4.713049E+18	1.158208644	0.090909091	2	2
636	7.472885521	0.801445448	466672.7792	278740.5645	0.224274396	1.588870E+18	1.148661635	0	2	1
637	8.545363604	0.866522882	541361.0157	132644.7312	0.20222624	7.901282E+17	1.085177467	1	2	2
638	0.349182477	1.087034047	423473.8883	87048.88715	0.27919573	3.763689E+18	1.09755435	0.454545455	2	1
639	3.958003675	0.768242467	743846.8143	80356.58872	0.214949896	2.488394E+18	1.163663642	0.727272727	2	2
640	9.985429693	0.950328995	411213.7856	189181.0113	0.325747948	4.545718E+18	1.09926674	0.909090909	2	1
641	6.022364777	0.6153833	587490.7004	59960.14346	0.123707019	3.550247E+18	1.113710528	0.363636364	2	2
642	5.475934928	1.322249843	309823.885	208501.9979	0.197125515	1.187755E+18	1.176463563	0.454545455	2	1
643	2.326849566	0.562118047	356102.5301	153398.0323	0.186436498	3.812646E+18	1.196583079	0.818181818	2	2
644	8.089143096	0.573518032	654400.4967	273251.0855	0.324656901	2.325228E+18	1.085881149	0.545454545	2	1
645	1.138840904	1.397442331	386997.0968	217631.1157	0.15770287	4.103624E+18	1.127384896	0.545454545	2	2
646	6.664072545	1.043826308	328148.0676	144063.2144	0.105771176	8.788049E+17	1.131591032	0.909090909	2	1
647	1.891177378	0.675884042	814266.1918	255132.9623	0.231686407	3.687083E+18	1.164154428	0.545454545	2	2
648	4.322522073	0.620446036	485603.8434	179982.4977	0.26017051	2.629019E+17	1.146115403	0.090909091	2	1
649	8.479957092	1.279396069	430316.3616	118545.6451	0.236356507	4.837722E+18	1.15349088	0.909090909	2	2
650	0.435293193	0.959972933	509536.1916	34951.65672	0.1631517	1.816112E+18	1.188094443	0.727272727	2	1
651	7.058938481	0.645261167	700666.1134	108432.9386	0.179493292	1.161254E+18	1.181650589	0.818181818	2	2
652	9.861503323	1.094322576	522185.3882	203279.8159	0.111911983	4.980141E+17	1.195110291	0.727272727	2	1
653	1.807686554	0.876085793	442674.1153	286347.6273	0.308689746	3.472895E+18	1.162523635	0	2	2
654	2.960578599	0.806690635	568142.8805	158191.7515	0.151678135	4.923127E+18	1.163179951	1	2	1
655	0.821592321	0.590940072	931961.3824	66692.77171	0.116587557	1.423946E+18	1.144213562	0.454545455	2	2
656	3.663530119	1.17922948	340890.2638	246064.6281	0.169198165	2.560614E+18	1.117084199	0.090909091	2	1
657	5.624358933	0.925131278	623962.9142	194110.1745	0.246137436	4.335496E+18	1.170125328	0.727272727	2	2
658	9.158842613	0.724954999	399250.2399	48047.27248	0.207244513	2.785508E+18	1.182672646	0.727272727	2	1
659	3.890442627	0.82541301	684073.5713	238985.24	0.107990556	3.885635E+18	1.089548863	0.818181818	2	2
660	6.940138498	1.145003015	351098.5771	183339.9555	0.305001235	2.111931E+18	1.145793244	0.545454545	2	1
661	0.237550614	0.756116761	307993.331	110829.3981	0.310938666	2.937113E+18	1.116082638	0.181818182	2	2
662	7.583838175	0.908204508	452875.9586	214248.4249	0.173119532	3.623310E+18	1.120480632	0.272727273	2	1
663	3.470286301	0.540502218	792124.4264	55190.39476	0.287200633	1.012854E+18	1.159269118	0.454545455	2	2
664	6.549354463	0.708126881	526587.2898	68185.55272	0.254200957	4.474420E+18	1.165836567	0.636363636	2	1
665	5.109214482	0.590568048	419249.6594	253112.9729	0.154131662	7.112797E+17	1.199329591	0.545454545	2	2
666	9.424463597	1.433645787	320636.4367	279273.0191	0.263974804	3.953444E+18	1.199890683	0.363636364	2	1
667	1.38529405	0.671258279	637942.1804	227344.7813	0.216978656	2.173880E+18	1.071113143	0.454545455	2	2
668	2.772522971	1.010422788	363447.9482	82313.90454	0.239934194	1.328336E+18	1.181340362	0.636363636	2	1
669	3.310685866	1.586249892	357987.9254	37590.74973	0.267024712	4.804125E+18	1.109540058	1	2	2
670	5.271364946	0.789710407	675597.319	114868.5985	0.190022273	1.791748E+18	1.156945228	0.818181818	2	1
671	4.748142918	0.662154604	843069.2704	135077.5576	0.103586813	3.130170E+18	1.170015887	0	2	2
672	8.886529636	0.859270456	301091.7857	260921.171	0.22891977	2.292353E+17	1.169574854	0.272727273	2	1
673	1.5355661	0.741720639	456985.1451	89986.17967	0.135146656	9.293481E+17	1.105309284	0.181818182	2	2
674	8.444897719	0.574095849	1024278.819	41827.90551	0.166240317	4.667496E+18	1.13424825	0	2	1
675	2.608006017	0.942061809	532295.5973	218152.3213	0.292161017	2.366617E+18	1.107266124	0.181818182	2	2
676	5.661826064	1.162307257	402869.7737	271658.4544	0.128909404	4.154238E+18	1.186531643	0.090909091	2	1
677	4.048110272	1.026920564	415616.5471	103674.1509	0.176166124	2.809854E+18	1.16820885	0.545454545	2	2
678	9.895342207	0.692703607	729467.9049	296346.2256	0.3057178	6.307030E+17	1.15806905	0.363636364	2	1
679	0.08500719	0.556711132	589340.9913	248715.3274	0.273187677	4.369144E+18	1.10080387	0.727272727	2	2
680	0.788292477	1.262531295	313441.9126	158708.6291	0.286020239	1.856636E+18	1.195917457	0	2	1
681	6.389167814	0.637401475	370630.2552	206957.2548	0.337893339	3.431451E+18	1.171868617	0.818181818	2	2
682	9.699333031	1.297947083	378142.428	71886.78743	0.179743725	1.405046E+18	1.126291197	0.454545455	2	1
683	3.123115897	0.607424402	336990.5423	294166.0748	0.203725742	3.580158E+18	1.127876167	0.818181818	2	2
684	5.459304941	0.993615614	480310.5626	55729.79701	0.282207718	2.959715E+18	1.190023943	0.272727273	2	1
685	8.528331975	1.724135203	323595.476	216081.6886	0.100896194	2.645240E+18	1.192429148	0.727272727	2	2
686	9.3088828	0.65435226	505793.2038	184907.3685	0.141130971	3.917540E+18	1.148562988	0.454545455	2	1
687	7.936529934	0.773047566	448248.1578	136918.3494	0.270719615	1.380697E+18	1.169917267	1	2	2
688	4.866178173	1.128245281	492667.5642	224718.2702	0.23284128	4.005884E+18	1.099780312	0.727272727	2	1
689	6.821365277	0.842178923	572191.0441	282970.9517	0.189635447	2.217086E+18	1.116923108	0.727272727	2	2
690	4.162865309	0.691311785	617146.8066	44535.53421	0.328173728	1.643371E+18	1.190980495	1	2	1
691	7.212411708	1.548592345	349244.4443	125505.1151	0.131217062	4.654581E+18	1.183675784	1	2	2
692	0.59042536	0.891224521	390883.8393	172701.7097	0.125221037	6.793934E+17	1.194796141	0.727272727	2	1
693	5.856746561	0.557296988	851617.0606	95517.91723	0.235673016	2.681513E+18	1.144300336	0.181818182	2	2
694	3.805385772	0.568844277	950389.7887	211679.6287	0.132956777	1.206363E+18	1.086936471	0.545454545	2	1
695	1.627782197	1.203401147	372461.8105	99957.23006	0.215639595	3.696669E+17	1.164726977	1	2	2
696	6.17523123	0.67951703	318447.7253	198307.5026	0.160886247	4.944778E+18	1.181424212	0.636363636	2	1
697	7.532949054	0.616830037	781484.6922	237598.9781	0.195962144	1.544037E+18	1.139610255	0.181818182	2	2
698	3.521156311	0.832929236	473467.5234	162388.6003	0.321296941	4.295056E+18	1.076574832	0.181818182	2	1
699	2.486710802	0.767588001	549754.8809	290521.7892	0.105190876	2.882177E+18	1.147602079	0.090909091	2	2
700	1.046532618	0.648976559	403918.5531	30777.4702	0.242792479	2.444147E+18	1.145451414	0.272727273	2	1
701	4.97164133	0.984185797	578620.7609	175785.6896	0.206678965	8.535826E+17	1.152498286	0.636363636	2	2
702	6.775611585	1.238316959	461208.1818	263597.8405	0.253649482	2.669331E+18	1.124689334	0.363636364	2	1
703	4.112107295	1.358364417	306096.1679	96902.58427	0.114159045	3.291093E+18	1.16488691	0.545454545	2	2
704	7.322936575	0.595711161	635325.1293	139865.8455	0.307380338	3.068386E+17	1.133131368	1	2	1
705	8.710203588	1.070139278	359818.0503	269076.4137	0.149398387	1.715909E+18	1.182635917	0	2	2
706	3.401519672	0.632181911	668769.1452	86510.81071	0.173418416	7.564066E+17	1.146813169	0.272727273	2	1
707	5.20121627	1.45584046	389833.1525	134220.7571	0.246714778	3.739484E+18	1.162866946	0.181818182	2	2
708	1.976410993	0.967226579	345020.2631	231518.9985	0.257345202	1.564598E+18	1.170802991	0.727272727	2	1
709	9.635184836	0.545170766	487662.0376	128099.8398	0.110471495	2.294026E+18	1.170390636	0.727272727	2	2
710	2.542580478	1.339122938	446416.1256	165806.0951	0.145469581	3.118912E+18	1.117677037	0.181818182	2	1
711	5.74791779	1.019434055	513731.0484	257310.3724	0.312515175	1.301997E+18	1.183782285	0.636363636	2	2
712	3.924164912	1.152992683	501373.3763	156020.6589	0.262445955	2.057449E+18	1.165982047	0.545454545	2	1
713	7.120349316	0.934494302	433767.0106	63988.12855	0.219444821	3.846386E+18	1.142771287	0.272727273	2	2
714	1.746256682	0.585800111	723040.6737	191805.1647	0.329894971	1.994209E+18	1.086026647	0.909090909	2	1
715	8.273203196	0.730362751	558296.9341	210073.6957	0.241495721	3.032628E+18	1.125329122	0.363636364	2	2
716	7.725905485	1.103948111	332767.7917	63665.66299	0.317726693	5.201408E+17	1.138432175	0.363636364	2	1
717	0.93673551	0.849584159	602379.1384	106655.1401	0.154444861	3.509078E+18	1.166873646	0	2	2
718	4.471181061	0.784671487	377093.1717	234788.3585	0.298364427	4.494955E+18	1.147864699	0.272727273	2	1
719	8.085328892	0.999197791	312982.4262	106023.5496	0.211218955	3.207826E+18	1.080952855	0	2	2
720	4.736657974	1.419790574	371687.8738	188022.1756	0.172221846	1.782642E+18	1.148541413	0.636363636	2	1
721	6.69687897	0.659275257	688453.4802	235209.393	0.249207463	4.793849E+18	1.192909598	0.545454545	2	2
722	4.345867825	1.047184457	544278.8411	64290.19817	0.148608176	4.145152E+18	1.15230576	0.818181818	2	1
723	7.400450537	1.303454076	414329.6648	156326.2731	0.311844569	2.356357E+18	1.181829946	0.181818182	2	2
724	0.422017721	0.576480802	469565.4038	209323.1313	0.304715121	2.731541E+18	1.12186552	0.818181818	2	1
725	1.862770438	0.694034774	577833.8069	128850.3937	0.167127515	2.595259E+18	1.09908146	0.818181818	2	2
726	8.156870028	0.553830893	740832.1194	146474.1969	0.134039963	3.633408E+18	1.162238778	0.181818182	2	1
727	2.896033744	0.894870361	401583.6665	257008.2973	0.26324191	1.003083E+18	1.089543889	0.090909091	2	2
728	5.549743501	0.744139179	359044.7696	86089.78579	0.102699845	4.576583E+17	1.09846991	1	2	1
729	4.430816001	0.639787339	922218.3317	37352.73383	0.191129193	3.896083E+18	1.183008807	0.818181818	2	2
730	9.203856515	0.814193388	632976.3548	232150.5957	0.320680903	1.865703E+18	1.163491479	0.090909091	2	1
731	2.252945313	1.131436901	300633.0507	275670.2047	0.153710046	4.882770E+18	1.176288588	1	2	2
732	3.845429022	0.711096856	348934.494	140287.3351	0.236426556	6.057334E+17	1.175336619	0.727272727	2	1
733	8.351944007	1.168006319	392182.5469	221233.928	0.25954659	4.430548E+18	1.148769199	0.636363636	2	2
734	6.135006209	0.604502839	982231.3355	126270.5455	0.327171389	4.343870E+18	1.151677862	0.363636364	2	1
735	7.648383328	0.794938777	517631.5822	30026.33089	0.299683812	2.143060E+18	1.150436612	0.818181818	2	2
736	9.680408577	1.889375104	312329.37	66422.59577	0.339843346	8.665303E+17	1.130923223	0.090909091	2	1
737	6.494270281	0.864630662	493139.6388	176087.1753	0.157639252	1.152349E+18	1.192198315	0	2	2
738	2.37113405	0.65671353	751131.616	84648.68612	0.271722184	3.481470E+18	1.17489056	0.727272727	2	1
739	5.122489657	0.948521117	560633.4066	162087.1081	0.250695608	3.996144E+18	1.149951273	0.636363636	2	2
740	9.010939538	0.608697557	434552.4034	291272.9189	0.168643828	3.183411E+18	1.137780712	0	2	1
741	7.203983299	0.689446069	865558.5002	212430.1891	0.204612823	9.076012E+17	1.062522181	0.454545455	2	2
742	1.352487328	1.030262028	379440.3611	52853.11898	0.315414531	3.658542E+18	1.183598441	0.909090909	2	1
743	2.776337473	0.559657089	603153.9811	197886.0235	0.111495858	4.646031E+18	1.159247961	0.636363636	2	2
744	5.825425824	1.385461821	336681.3434	241382.41	0.308527254	1.633656E+18	1.194617141	0.363636364	2	1
745	7.015265541	0.567011506	305002.2857	44184.54361	0.27983704	1.942284E+18	1.171547899	0.636363636	2	2
746	0.162518655	1.325563653	360338.1665	250108.3697	0.22419244	3.367099E+18	1.160295964	0.545454545	2	1
747	7.503764548	1.477754333	403658.2181	83396.63529	0.13799073	2.890649E+18	1.178279835	0.363636364	2	2
748	0.709557664	0.618168414	536195.2851	137467.026	0.334993752	1.079591E+18	1.133402505	0.454545455	2	1
749	1.492900408	1.692565679	343011.2153	105327.1469	0.296417964	2.201872E+18	1.168582421	0.363636364	2	2
750	4.673843582	0.953872262	462457.3225	282467.0062	0.11797844	2.515834E+18	1.149180343	0.090909091	2	1
751	3.233169524	0.870065345	591679.8357	56233.73589	0.233989162	2.660820E+18	1.15480108	0.636363636	2	2
752	5.03759726	1.092457007	474717.4148	113955.4888	0.18697161	8.439019E+17	1.133972988	0.909090909	2	1
753	2.159470441	0.804229822	416405.8376	184358.6823	0.196966658	4.218792E+18	1.160470331	0.818181818	2	2
754	4.122676665	0.597050706	883739.583	242107.1248	0.161641735	2.242979E+18	1.125042128	0.181818182	2	1
755	9.510794221	0.923323513	372982.7013	148423.3012	0.290841859	4.723201E+18	1.166580936	0.727272727	2	2
756	2.686745781	1.512661871	317353.0918	213023.5751	0.325219217	2.983118E+17	1.076391457	0.545454545	2	1
757	5.896811809	0.718269112	647499.1303	294517.076	0.131952491	3.281392E+18	1.176360126	0.818181818	2	2
758	1.214959172	0.819257186	331530.4769	78480.83579	0.183394409	4.571295E+18	1.188560203	0.909090909	2	1
759	5.231011156	0.630323404	823531.6511	186769.6099	0.297479174	2.392213E+18	1.15828265	0.909090909	2	2
760	4.788658214	0.753784115	657805.1029	206605.8171	0.266353584	3.730364E+18	1.152989133	0.272727273	2	1
761	4.241608616	1.190197736	433259.4832	49139.99614	0.294654781	1.292852E+18	1.198662312	0.181818182	2	2
762	7.447403371	0.906269349	500319.5604	103170.7813	0.127712299	3.108602E+18	1.178112247	0.363636364	2	1
763	1.41920259	0.546468979	1042326.442	295995.2285	0.242381202	3.296116E+17	1.176326087	0.636363636	2	2
764	8.561385826	0.701577657	476412.3654	249264.5869	0.328789996	4.068039E+18	1.17750178	0.090909091	2	1
765	7.903511883	1.66163508	351748.5963	58296.06798	0.162722857	2.353486E+18	1.119951239	0.727272727	2	2
766	9.933092522	0.583942497	571403.2196	89436.90962	0.199185525	1.230600E+18	1.150035788	0.090909091	2	1
767	0.047381434	0.732714751	709784.3492	42178.89209	0.109467098	4.968735E+18	1.085991209	0.363636364	2	2
768	6.08477327	1.058766121	445907.823	218655.6854	0.220270643	2.067723E+18	1.138134424	0.818181818	2	1
769	3.748257975	0.66883717	390106.8509	115220.0458	0.141920954	1.492982E+18	1.101709842	0.272727273	2	2
770	9.073905251	1.227000446	343782.1969	178768.2866	0.121666521	3.518095E+18	1.123197994	0.181818182	2	1
771	9.782766278	0.787426798	327360.2549	227912.0653	0.145438926	2.475131E+18	1.182729506	0.909090909	2	2
772	3.039320565	1.109334153	381524.1206	138000.7572	0.111120161	2.850026E+18	1.149739912	0.090909091	2	1
773	6.249541133	0.853163412	652060.1738	81824.43953	0.304325544	1.029441E+18	1.194886959	0.727272727	2	2
774	4.367785191	1.813836177	314403.2111	284967.8475	0.188269335	1.690103E+18	1.144070879	0.909090909	2	1
775	3.586006733	0.735220227	508759.1913	252743.5108	0.209733942	4.125131E+17	1.179069178	0.272727273	2	2
776	6.433453443	0.580111676	772526.5114	267203.187	0.121422569	3.874395E+18	1.172715452	0.636363636	2	1
777	2.431931852	0.94017572	483252.8751	124612.3497	0.246751872	1.967041E+18	1.131946619	0.090909091	2	2
778	1.060113062	1.025122908	562682.827	213561.1517	0.101229127	3.322076E+18	1.146455435	0.636363636	2	1
779	4.948601108	0.550035741	438762.1375	68555.02442	0.318239857	4.773333E+18	1.14647495	0.090909091	2	2
780	7.289824584	0.970798848	393776.5846	239474.6995	0.163943513	4.184383E+18	1.11165191	0.818181818	2	1
781	8.713712858	0.634930301	620064.7051	110262.1036	0.26283733	2.636007E+18	1.19555875	0.727272727	2	2
782	0.512802382	1.461000746	340100.2461	58855.6936	0.219646707	8.095635E+17	1.174678333	0.909090909	2	1
783	3.3980107	1.075527734	310332.1873	193621.1636	0.301856854	4.036601E+18	1.151054082	0.636363636	2	2
784	8.79930048	1.361118407	354996.071	104767.1974	0.322169881	1.261493E+18	1.129518889	1	2	1
785	2.009522687	0.600868808	684862.8737	48615.00351	0.158907851	3.086761E+18	1.159813363	0	2	2
786	9.658225356	0.987465909	528939.724	287034.3312	0.237032777	3.773983E+18	1.106474388	0.727272727	2	1
787	1.462806857	1.244001241	412451.8514	203962.9673	0.160021516	7.992526E+17	1.146425748	0.181818182	2	2
788	5.734337049	0.652025861	453651.4685	157821.7065	0.215952233	4.624361E+18	1.10017632	0.181818182	2	1
789	7.175127969	0.770636563	598459.3226	180352.5533	0.316006229	5.618150E+17	1.119890679	0.545454545	2	2
790	8.208353072	0.836208543	424711.2034	34264.95832	0.114933112	1.514878E+18	1.097052301	0	2	1
791	2.84453159	0.613549508	732728.3394	229701.4066	0.225381431	4.323372E+18	1.183404965	0.090909091	2	2
792	0.86242531	0.684675997	367347.624	272683.345	0.252883632	2.024122E+18	1.181203818	0.363636364	2	1
793	4.516500232	0.889466598	643414.3459	144552.2187	0.1699272	1.177553E+18	1.175568457	0.727272727	2	2
794	6.31558782	1.206975828	322975.949	93122.58617	0.243174701	2.999305E+18	1.155570543	0.909090909	2	1
795	9.118191395	0.563457462	901437.9818	255502.4284	0.280725225	3.385992E+18	1.077470225	0.181818182	2	2
796	1.168330587	0.570596597	802909.6074	105492.4192	0.208129879	6.523251E+17	1.116622059	0.090909091	2	1
797	5.277620631	0.877927293	342176.3713	298683.5332	0.333461005	2.709425E+18	1.137901228	0.181818182	2	2
798	8.851281581	0.677190487	665900.0525	152628.8686	0.115482697	4.113880E+18	1.120019369	0.818181818	2	1
799	0.731742319	1.92080947	303584.5526	220739.1905	0.241880553	3.574543E+18	1.194855945	0.818181818	2	2
800	9.553985286	1.114650617	443132.8507	233629.8456	0.203432329	1.826392E+18	1.140516593	0.909090909	2	1
801	1.509778867	0.830987981	523288.0207	188563.7714	0.276708203	4.846823E+18	1.0645986	0	2	2
802	2.623723119	0.761032552	497196.9562	60399.65752	0.180598383	3.251499E+18	1.145797473	0.454545455	2	1
803	3.995468018	0.642340626	555282.1439	278301.061	0.28772731	1.887764E+18	1.195942444	0.909090909	2	2
804	0.147110564	0.982427987	430775.8477	133261.9766	0.131624946	4.888759E+17	1.187764336	0.727272727	2	1
805	5.985063177	0.807996186	713383.6849	258586.4225	0.261174791	2.949338E+18	1.187094113	0.545454545	2	2
806	7.810919434	0.593300303	386674.558	169197.7411	0.23244167	9.500911E+17	1.078155269	0.636363636	2	1
807	4.386529792	1.286461569	329434.9495	129379.8402	0.271497372	4.325270E+18	1.187881674	0.090909091	2	2
808	1.702584981	0.625681612	321681.4553	264425.1376	0.128248838	1.102291E+18	1.191382228	0.727272727	2	1
809	6.099875013	1.249235772	362976.6246	33716.02673	0.135194708	3.877182E+18	1.13385934	0.545454545	2	2
810	7.430256822	1.633104556	333332.3497	186473.3279	0.205415227	3.160540E+17	1.17412566	0.909090909	2	1
811	3.441406942	1.402207215	419558.8587	267927.8937	0.228863451	4.464813E+18	1.124155049	0.454545455	2	2
812	5.397201269	0.542887044	540587.7469	222822.214	0.185644454	1.439690E+18	1.179836686	0.090909091	2	1
813	4.583147829	0.706302358	778175.3596	170290.6946	0.153026455	2.801552E+18	1.145663356	0.272727273	2	2
814	9.361525353	1.013327156	464324.0167	93642.55041	0.26769166	6.399222E+17	1.140103873	0.545454545	2	1
815	7.92081313	0.928463477	582025.3894	245058.9225	0.144156483	4.696107E+18	1.127405995	0.909090909	2	2
816	0.975239654	1.151120884	451577.2507	195247.4586	0.33739024	1.674500E+18	1.124148196	0.363636364	2	1
817	6.847152212	0.72789169	407301.1279	99004.29241	0.286196462	3.699318E+18	1.183191159	0.181818182	2	2
818	4.198113661	0.847786648	350626.5022	202439.7984	0.199737038	3.158434E+18	1.089287223	0.363636364	2	1
819	8.624102138	1.572122992	309039.1241	163679.2393	0.176675598	2.183615E+18	1.138701927	0.727272727	2	2
820	0.584169377	0.777995983	626108.3804	74275.71501	0.223660187	3.962010E+18	1.063544718	0	2	1