BrFactor_ADAPT,nChromoSi_AWSoM,PoyntingFluxPerBSi,LperpTimesSqrtBSi,StochasticExponent,BrMin,rMinWaveReflection,REALIZATIONS_ADAPT,PFSS,UseSurfaceWaveRefl,Outcomes
0.545294118,1.12941e18,639215.6863,213308.8235,0.29,5.477941176,1.101470588,3.0,1.0,1.0,1
0.555882353,4.98824e18,776470.5882,245073.5294,0.220588235,7.120098039,1.094607843,1.0,1.0,2.0,1
0.566470588,2.02353e18,866666.6667,186838.2353,0.31,8.00245098,1.075,9.0,1.0,1.0,1
0.577058824,4.0e18,384313.7255,108750.0,0.295882353,5.183823529,1.057352941,5.0,1.0,2.0,1
0.587647059,2.54118e18,450980.3922,148455.8824,0.205294118,5.526960784,1.131862745,9.0,1.0,1.0,1
0.598235294,1.57647e18,831372.549,115367.6471,0.194705882,6.75245098,1.00245098,1.0,1.0,2.0,1
0.608823529,3.36471e18,674509.8039,235808.8235,0.162941176,7.806372549,1.025,5.0,1.0,1.0,1
0.619411765,7.05882e17,560784.3137,61102.94118,0.218235294,6.360294118,1.034803922,6.0,1.0,2.0,1
0.63,1.69412e18,764705.8824,291397.0588,0.239411765,8.81127451,1.065196078,4.0,1.0,1.0,1
2.588823529,4.07059e18,454901.9608,196102.9412,0.192352941,9.595588235,1.199509804,9.0,1.0,2.0,1
1.932352941,3.05882e18,976470.5882,181544.1176,0.327647059,7.169117647,1.15245098,1.0,1.0,1.0,1
0.725294118,1.22353e18,501960.7843,116691.1765,0.253529412,7.659313725,1.172058824,9.0,1.0,2.0,1
0.672352941,1.64706e18,321568.6275,201397.0588,0.152352941,6.115196078,1.115196078,6.0,1.0,1.0,1
0.682941176,5.64706e17,603921.5686,91544.11765,0.100588235,8.737745098,1.155392157,2.0,1.0,2.0,1
0.693529412,3.64706e18,788235.2941,45220.58824,0.258235294,6.801470588,1.104411765,6.0,1.0,1.0,1
0.704117647,2.4e18,858823.5294,209338.2353,0.114705882,9.424019608,1.136764706,8.0,1.0,2.0,1
0.714705882,4.32941e18,580392.1569,286102.9412,0.108823529,6.531862745,1.012254902,2.0,1.0,1.0,1
0.651176471,2.94118e18,1.039215686e6,135220.5882,0.252352941,8.492647059,1.022058824,6.0,1.0,2.0,1
0.735882353,4.75294e18,1.058823529e6,180220.5882,0.288823529,9.007352941,1.19754902,7.0,1.0,1.0,1
0.746470588,4.58824e18,509803.9216,53161.76471,0.227647059,8.762254902,1.001470588,12.0,1.0,2.0,1
0.767647059,6.82353e17,505882.3529,255661.7647,0.126470588,7.218137255,1.075980392,3.0,1.0,1.0,1
0.799411765,3.38824e18,427450.9804,294044.1176,0.261764706,5.870098039,1.163235294,3.0,1.0,2.0,1
1.635882353,4.70588e18,800000.0,128602.9412,0.234705882,5.036764706,1.127941176,7.0,1.0,1.0,1
0.788823529,1.31765e18,701960.7843,172279.4118,0.207647059,8.24754902,1.046568627,3.0,1.0,2.0,1
0.81,3.76471e17,960784.3137,229191.1765,0.262941176,9.325980392,1.005392157,5.0,1.0,1.0,1
1.89,4.94118e17,1.047058824e6,190808.8235,0.148823529,5.257352941,1.140686275,5.0,1.0,2.0,1
1.646470588,3.2e18,631372.549,100808.8235,0.321764706,8.149509804,1.008333333,6.0,1.0,1.0,1
0.831176471,2.8e18,439215.6863,38602.94118,0.193529412,9.227941176,1.078921569,6.0,1.0,2.0,1
2.038235294,2.65882e18,1.019607843e6,274191.1765,0.195882353,6.31127451,1.186764706,4.0,1.0,1.0,1
0.873529412,1.50588e18,549019.6078,250367.6471,0.167647059,9.276960784,1.159313725,4.0,1.0,2.0,1
0.841764706,4.25882e18,349019.6078,99485.29412,0.101764706,7.316176471,1.106372549,8.0,1.0,1.0,1
1.762941176,1.05882e18,337254.902,288750.0,0.331176471,6.899509804,1.150490196,10.0,1.0,2.0,1
0.884117647,3.45882e18,984313.7255,127279.4118,0.297058824,9.546568627,1.110294118,9.0,1.0,1.0,1
1.148823529,3.81176e18,572549.0196,227867.6471,0.282941176,5.306372549,1.144607843,1.0,1.0,2.0,1
0.905294118,1.85882e18,835294.1176,221250.0,0.139411765,5.968137255,1.196568627,12.0,1.0,1.0,1
0.915882353,3.74118e18,956862.7451,239779.4118,0.107647059,5.085784314,1.050490196,10.0,1.0,2.0,1
0.926470588,4.14118e18,725490.1961,80955.88235,0.217058824,9.448529412,1.068137255,1.0,1.0,1.0,1
0.937058824,8.70588e17,400000.0,133897.0588,0.117058824,9.742647059,1.113235294,3.0,1.0,2.0,1
0.958235294,2.84706e18,815686.2745,193455.8824,0.235882353,6.213235294,1.042647059,5.0,1.0,1.0,1
2.271176471,2.14118e18,666666.6667,35955.88235,0.154705882,7.144607843,1.171078431,2.0,1.0,2.0,1
0.968823529,2.35294e17,713725.4902,243750.0,0.335882353,8.566176471,1.09754902,7.0,1.0,1.0,1
0.979411765,2.42353e18,623529.4118,296691.1765,0.294705882,7.585784314,1.032843137,9.0,1.0,2.0,1
1.011176471,5.17647e17,913725.4902,79632.35294,0.13,5.453431373,1.027941176,1.0,1.0,1.0,1
1.000588235,4.68235e18,525490.1961,266250.0,0.212352941,5.600490196,1.176960784,8.0,1.0,2.0,1
0.99,3.6e18,905882.3529,169632.3529,0.172352941,7.43872549,1.083823529,7.0,1.0,1.0,1
1.021764706,2.87059e18,768627.451,65073.52941,0.105294118,8.026960784,1.118137255,4.0,1.0,2.0,1
1.032352941,4.47059e17,364705.8824,204044.1176,0.228823529,8.198529412,1.148529412,2.0,1.0,1.0,1
1.042941176,4.61176e18,807843.1373,121985.2941,0.333529412,8.345588235,1.05245098,10.0,1.0,2.0,1
2.662941176,2.07059e18,462745.098,151102.9412,0.281764706,9.080882353,1.103431373,10.0,1.0,1.0,1
1.064117647,2.49412e18,564705.8824,78308.82353,0.232352941,9.693627451,1.165196078,10.0,1.0,2.0,1
1.254705882,7.76471e17,780392.1569,164338.2353,0.161764706,9.399509804,1.180882353,3.0,1.0,1.0,1
2.080588235,4.16471e18,407843.1373,67720.58824,0.146470588,8.296568627,1.183823529,3.0,1.0,2.0,1
1.095882353,4.0e17,482352.9412,88897.05882,0.300588235,7.389705882,1.045588235,7.0,1.0,1.0,1
1.106470588,3.17647e18,847058.8235,262279.4118,0.275882353,8.615196078,1.194607843,6.0,1.0,2.0,1
1.117058824,4.56471e18,662745.098,173602.9412,0.128823529,8.835784314,1.124019608,6.0,1.0,1.0,1
1.127647059,3.92941e18,305882.3529,30661.76471,0.304117647,8.982843137,1.158333333,8.0,1.0,2.0,1
1.138235294,1.6e18,988235.2941,276838.2353,0.278235294,5.723039216,1.024019608,2.0,1.0,1.0,1
0.894705882,1.97647e18,533333.3333,131250.0,0.322941176,5.894607843,1.063235294,6.0,1.0,2.0,1
1.921764706,1.29412e18,380392.1569,159044.1176,0.171176471,5.012254902,1.107352941,2.0,1.0,1.0,1
1.159411765,2.47059e18,494117.6471,155073.5294,0.141764706,7.904411765,1.015196078,5.0,1.0,2.0,1
1.180588235,1.83529e18,1.074509804e6,63750.0,0.215882353,7.291666667,1.089705882,9.0,1.0,1.0,0
1.191176471,4.82353e18,964705.8824,106102.9412,0.165294118,7.830882353,1.169117647,12.0,1.0,2.0,1
2.112352941,3.12941e18,709803.9216,114044.1176,0.182941176,6.066176471,1.10245098,8.0,1.0,1.0,1
1.212352941,3.43529e18,313725.4902,76985.29412,0.245294118,7.095588235,1.028921569,3.0,1.0,2.0,1
1.222941176,1.74118e18,478431.3725,282132.3529,0.184117647,8.272058824,1.190686275,9.0,1.0,1.0,1
1.233529412,2.72941e18,749019.6078,139191.1765,0.124117647,5.208333333,1.187745098,10.0,1.0,2.0,1
1.244117647,2.16471e18,419607.8431,249044.1176,0.225294118,5.428921569,1.007352941,5.0,1.0,1.0,1
1.074705882,1.41176e18,929411.7647,237132.3529,0.306470588,9.914215686,1.071078431,3.0,1.0,2.0,1
1.265294118,3.03529e18,341176.4706,189485.2941,0.200588235,8.68872549,1.067156863,8.0,1.0,1.0,1
1.275882353,2.56471e18,650980.3922,223897.0588,0.313529412,6.654411765,1.177941176,6.0,1.0,2.0,1
1.297058824,4.02353e18,1.035294118e6,147132.3529,0.138235294,9.791666667,1.06127451,6.0,1.0,1.0,1
1.879411765,1.71765e18,878431.3725,92867.64706,0.338235294,6.605392157,1.125980392,6.0,1.0,2.0,1
2.313529412,3.29412e17,423529.4118,270220.5882,0.211176471,6.948529412,1.123039216,6.0,1.0,1.0,1
2.175882353,4.84706e18,756862.7451,226544.1176,0.272352941,8.100490196,1.036764706,5.0,1.0,2.0,1
1.328823529,3.27059e18,1.003921569e6,211985.2941,0.242941176,7.879901961,1.093627451,2.0,1.0,1.0,1
1.339411765,9.88235e17,458823.5294,49191.17647,0.315882353,9.350490196,1.023039216,4.0,1.0,2.0,1
2.472352941,2.37647e18,827450.9804,43897.05882,0.299411765,5.674019608,1.160294118,9.0,1.0,1.0,1
1.360588235,2.82353e18,545098.0392,95514.70588,0.260588235,5.06127451,1.087745098,2.0,1.0,2.0,1
1.371176471,1.52941e18,1.050980392e6,156397.0588,0.231176471,6.507352941,1.170098039,6.0,1.0,1.0,1
2.101764706,2.68235e18,811764.7059,86250.0,0.286470588,9.522058824,1.004411765,4.0,1.0,2.0,1
1.847647059,3.97647e18,705882.3529,219926.4706,0.104117647,7.071078431,1.162254902,5.0,1.0,1.0,1
2.091176471,1.01176e18,1.015686275e6,295367.6471,0.134705882,8.884803922,1.095588235,8.0,1.0,2.0,1
1.413529412,4.09412e18,615686.2745,178897.0588,0.271176471,5.772058824,1.114215686,12.0,1.0,1.0,1
1.424117647,3.48235e18,925490.1961,59779.41176,0.140588235,6.678921569,1.145588235,9.0,1.0,2.0,1
1.434705882,2.25882e18,717647.0588,259632.3529,0.15,8.958333333,1.044607843,1.0,1.0,1.0,1
1.445294118,1.67059e18,1.094117647e6,39926.47059,0.168823529,8.639705882,1.017156863,7.0,1.0,2.0,1
1.455882353,4.28235e18,941176.4706,33308.82353,0.33,7.022058824,1.069117647,7.0,1.0,1.0,1
1.582941176,3.83529e18,1.054901961e6,251691.1765,0.185294118,7.56127451,1.109313725,6.0,1.0,2.0,1
1.477058824,3.62353e18,513725.4902,206691.1765,0.120588235,9.571078431,1.030882353,4.0,1.0,1.0,1
1.487647059,4.49412e18,886274.5098,103455.8824,0.257058824,9.963235294,1.18872549,2.0,1.0,2.0,1
1.498235294,5.88235e17,694117.6471,231838.2353,0.173529412,5.698529412,1.133823529,6.0,1.0,1.0,1
1.508823529,3.24706e18,894117.6471,153750.0,0.284117647,5.134803922,1.03872549,8.0,1.0,2.0,1
1.540588235,3.57647e18,721568.6275,280808.8235,0.324117647,6.433823529,1.120098039,4.0,1.0,1.0,1
1.519411765,4.21176e18,643137.2549,263602.9412,0.113529412,8.394607843,1.08872549,9.0,1.0,2.0,1
1.53,2.61176e18,627450.9804,54485.29412,0.197058824,6.850490196,1.048529412,12.0,1.0,1.0,1
1.551176471,4.70588e17,737254.902,70367.64706,0.251176471,9.767156863,1.082843137,6.0,1.0,2.0,1
1.699411765,2.44706e18,1.090196078e6,144485.2941,0.301764706,5.992647059,1.077941176,3.0,1.0,1.0,1
1.572352941,1.2e18,325490.1961,166985.2941,0.273529412,6.262254902,1.01127451,7.0,1.0,2.0,1
1.794705882,1.48235e18,733333.3333,177573.5294,0.115882353,5.404411765,1.059313725,8.0,1.0,1.0,1
1.593529412,4.4e18,388235.2941,140514.7059,0.180588235,9.154411765,1.025980392,2.0,1.0,2.0,1
1.657058824,3.52941e17,870588.2353,197426.4706,0.280588235,6.090686275,1.189705882,7.0,1.0,1.0,1
1.614705882,3.10588e18,600000.0,299338.2353,0.157058824,9.816176471,1.146568627,6.0,1.0,2.0,1
0.778235294,4.91765e18,1.078431373e6,112720.5882,0.241764706,5.74754902,1.066176471,5.0,2.0,1.0,1
1.625294118,1.03529e18,937254.902,136544.1176,0.201764706,6.99754902,1.135784314,2.0,2.0,2.0,0
0.820588235,3.71765e18,752941.1765,176250.0,0.319411765,8.443627451,1.164215686,10.0,2.0,1.0,1
1.604117647,2.98824e18,498039.2157,50514.70588,0.112352941,6.18872549,1.181862745,6.0,2.0,2.0,1
1.561764706,2.11765e18,996078.4314,185514.7059,0.191176471,9.669117647,1.000490196,6.0,2.0,1.0,1
1.678235294,4.65882e18,898039.2157,275514.7059,0.178235294,6.703431373,1.056372549,3.0,2.0,2.0,1
1.307647059,8.94118e17,443137.2549,205367.6471,0.137058824,5.110294118,1.166176471,9.0,2.0,1.0,1
1.667647059,1.36471e18,745098.0392,31985.29412,0.142941176,9.203431373,1.126960784,8.0,2.0,2.0,1
1.71,3.05882e17,823529.4118,161691.1765,0.125294118,7.610294118,1.091666667,12.0,2.0,1.0,1
1.720588235,8.0e17,541176.4706,241102.9412,0.267647059,8.321078431,1.129901961,12.0,2.0,2.0,1
1.731176471,2.96471e18,301960.7843,194779.4118,0.312352941,5.330882353,1.137745098,6.0,2.0,1.0,1
1.741764706,2.58824e18,854901.9608,125955.8824,0.106470588,5.551470588,1.009313725,6.0,2.0,2.0,1
1.402941176,2.11765e17,333333.3333,132573.5294,0.158235294,6.776960784,1.058333333,4.0,2.0,1.0,1
1.466470588,1.78824e18,411764.7059,160367.6471,0.325294118,8.909313725,1.182843137,12.0,2.0,2.0,1
1.752352941,2.0e18,396078.4314,34632.35294,0.266470588,6.409313725,1.092647059,5.0,2.0,1.0,1
0.947647059,2.21176e18,1.066666667e6,260955.8824,0.255882353,6.580882353,1.122058824,12.0,2.0,2.0,1
1.837058824,2.30588e18,921568.6275,111397.0588,0.274705882,9.178921569,1.029901961,8.0,2.0,1.0,1
1.805294118,3.52941e18,474509.8039,168308.8235,0.287647059,6.825980392,1.192647059,3.0,2.0,2.0,1
1.815882353,9.41176e17,862745.098,234485.2941,0.144117647,6.335784314,1.079901961,1.0,2.0,1.0,1
1.826470588,4.8e18,611764.7059,145808.8235,0.222941176,7.463235294,1.018137255,9.0,2.0,2.0,1
1.784117647,3.34118e18,1.043137255e6,102132.3529,0.160588235,8.370098039,1.125,9.0,2.0,1.0,1
1.773529412,1.15294e18,670588.2353,84926.47059,0.19,7.855392157,1.195588235,6.0,2.0,2.0,1
1.858235294,4.87059e18,447058.8235,292720.5882,0.145294118,7.953431373,1.116176471,8.0,2.0,1.0,1
1.868823529,2.58824e17,486274.5098,218602.9412,0.177058824,8.468137255,1.037745098,1.0,2.0,2.0,1
1.286470588,4.96471e18,517647.0588,47867.64706,0.291176471,6.629901961,1.041666667,1.0,2.0,1.0,1
1.17,8.47059e17,678431.3725,192132.3529,0.285294118,7.193627451,1.060294118,6.0,2.0,2.0,1
1.900588235,1.90588e18,839215.6863,152426.4706,0.214705882,8.664215686,1.143627451,4.0,2.0,1.0,1
1.201764706,1.08235e18,803921.5686,271544.1176,0.224117647,9.105392157,1.033823529,12.0,2.0,2.0,1
0.757058824,1.88235e18,949019.6078,268897.0588,0.155882353,7.757352941,1.100490196,8.0,2.0,1.0,1
0.661764706,4.47059e18,403921.5686,217279.4118,0.308823529,7.732843137,1.154411765,4.0,2.0,2.0,1
1.911176471,3.67059e18,596078.4314,256985.2941,0.204117647,5.919117647,1.072058824,6.0,2.0,1.0,1
1.381764706,2.18824e18,792156.8627,287426.4706,0.339411765,7.365196078,1.086764706,6.0,2.0,2.0,1
1.964117647,8.23529e17,980392.1569,98161.76471,0.226470588,8.051470588,1.064215686,3.0,2.0,1.0,0
1.942941176,4.18824e18,917647.0588,233161.7647,0.21,9.718137255,1.105392157,10.0,2.0,2.0,1
1.985294118,1.55294e18,529411.7647,74338.23529,0.202941176,9.93872549,1.020098039,6.0,2.0,1.0,0
1.995882353,3.50588e18,392156.8627,94191.17647,0.122941176,9.301470588,1.085784314,10.0,2.0,2.0,1
2.006470588,2.09412e18,1.007843137e6,170955.8824,0.102941176,5.845588235,1.119117647,10.0,2.0,1.0,1
2.017058824,3.88235e18,882352.9412,46544.11765,0.151176471,7.928921569,1.039705882,7.0,2.0,2.0,1
2.027647059,4.51765e18,729411.7647,254338.2353,0.244117647,9.129901961,1.173039216,3.0,2.0,1.0,1
0.862941176,3.29412e18,658823.5294,104779.4118,0.277058824,7.536764706,1.132843137,1.0,2.0,2.0,1
2.048823529,6.58824e17,760784.3137,71691.17647,0.121764706,6.924019608,1.174019608,7.0,2.0,1.0,0
1.392352941,4.30588e18,690196.0784,37279.41176,0.198235294,5.159313725,1.151470588,5.0,2.0,2.0,1
2.07,4.77647e18,972549.0196,214632.3529,0.135882353,6.139705882,1.013235294,4.0,2.0,1.0,1
1.085294118,2.63529e18,372549.0196,253014.7059,0.132352941,6.384803922,1.142647059,7.0,2.0,2.0,1
2.059411765,2.32941e18,568627.451,182867.6471,0.25,6.556372549,1.055392157,3.0,2.0,1.0,1
1.953529412,1.24706e18,584313.7255,42573.52941,0.320588235,7.267156863,1.098529412,12.0,2.0,2.0,0
1.974705882,3.78824e18,686274.5098,120661.7647,0.314705882,5.50245098,1.035784314,3.0,2.0,1.0,1
2.122941176,4.94118e18,576470.5882,110073.5294,0.174705882,8.933823529,1.149509804,4.0,2.0,2.0,1
2.154705882,3.15294e18,329411.7647,137867.6471,0.246470588,8.075980392,1.185784314,12.0,2.0,1.0,1
2.144117647,4.44706e18,1.070588235e6,129926.4706,0.11,6.875,1.074019608,12.0,2.0,2.0,1
2.133529412,1.45882e18,435294.1176,210661.7647,0.23,7.340686275,1.031862745,10.0,2.0,1.0,1
2.165294118,1.76471e18,635294.1176,284779.4118,0.119411765,5.625,1.153431373,8.0,2.0,2.0,1
1.318235294,3.85882e18,360784.3137,267573.5294,0.326470588,9.25245098,1.073039216,2.0,2.0,1.0,1
2.186470588,1.95294e18,607843.1373,202720.5882,0.265294118,9.987745098,1.179901961,4.0,2.0,2.0,1
2.197058824,3.76471e18,537254.902,96838.23529,0.221764706,6.727941176,1.13872549,10.0,2.0,1.0,1
2.207647059,2.89412e18,317647.0588,222573.5294,0.166470588,9.49754902,1.099509804,6.0,2.0,2.0,1
2.260588235,3.95294e18,933333.3333,149779.4118,0.305294118,7.683823529,1.198529412,6.0,2.0,1.0,1
2.228823529,7.52941e17,909803.9216,57132.35294,0.328823529,8.786764706,1.112254902,4.0,2.0,2.0,0
2.398235294,1.43529e18,698039.2157,141838.2353,0.334705882,6.237745098,1.141666667,9.0,2.0,1.0,1
2.25,4.54118e18,368627.451,75661.76471,0.259411765,8.541666667,1.121078431,9.0,2.0,2.0,1
2.218235294,1.81176e18,1.02745098e6,279485.2941,0.311176471,8.419117647,1.003431373,7.0,2.0,1.0,1
0.852352941,2.04706e18,741176.4706,82279.41176,0.175882353,6.458333333,1.014215686,10.0,2.0,2.0,1
2.281764706,4.35294e18,874509.8039,174926.4706,0.213529412,5.649509804,1.026960784,6.0,2.0,1.0,1
2.292352941,3.69412e18,1.0e6,69044.11765,0.27,5.281862745,1.175,12.0,2.0,2.0,1
2.302941176,1.10588e18,843137.2549,242426.4706,0.318235294,9.840686275,1.184803922,8.0,2.0,1.0,1
2.408823529,5.41176e17,352941.1765,238455.8824,0.247647059,5.232843137,1.090686275,7.0,2.0,2.0,1
2.419411765,2.23529e18,521568.6275,123308.8235,0.133529412,8.223039216,1.157352941,6.0,2.0,1.0,1
2.334705882,4.04706e18,901960.7843,107426.4706,0.118235294,6.041666667,1.130882353,5.0,2.0,2.0,1
2.366470588,3.08235e18,772549.0196,290073.5294,0.302941176,6.017156863,1.021078431,10.0,2.0,1.0,1
2.355882353,4.37647e18,592156.8627,184191.1765,0.292352941,9.620098039,1.084803922,1.0,2.0,2.0,1
2.345294118,1.62353e18,309803.9216,58455.88235,0.179411765,7.414215686,1.076960784,2.0,2.0,1.0,1
2.377058824,3.01176e18,1.031372549e6,73014.70588,0.188823529,9.375,1.134803922,1.0,2.0,2.0,1
2.451176471,6.11765e17,376470.5882,200073.5294,0.111176471,9.056372549,1.051470588,5.0,2.0,1.0,1
2.239411765,4.42353e18,556862.7451,272867.6471,0.332352941,5.355392157,1.043627451,12.0,2.0,2.0,1
1.688823529,2.82353e17,470588.2353,62426.47059,0.237058824,5.796568627,1.156372549,2.0,2.0,1.0,1
2.324117647,2.51765e18,819607.8431,298014.7059,0.181764706,7.977941176,1.167156863,5.0,2.0,2.0,1
2.43,4.72941e18,619607.8431,246397.0588,0.153529412,6.482843137,1.191666667,10.0,2.0,1.0,1
2.440588235,4.89412e18,1.023529412e6,157720.5882,0.264117647,7.046568627,1.108333333,3.0,2.0,2.0,1
2.387647059,3.55294e18,466666.6667,230514.7059,0.240588235,8.860294118,1.010294118,6.0,2.0,1.0,1
2.461764706,1.17647e18,850980.3922,90220.58824,0.254705882,5.943627451,1.04754902,2.0,2.0,2.0,0
2.482941176,3.90588e18,796078.4314,124632.3529,0.199411765,9.031862745,1.096568627,2.0,2.0,1.0,1
1.35,4.23529e17,1.011764706e6,55808.82353,0.206470588,7.708333333,1.006372549,10.0,2.0,2.0,0
2.493529412,4.63529e18,952941.1765,83602.94118,0.238235294,9.865196078,1.054411765,7.0,2.0,1.0,1
2.504117647,1.34118e18,992156.8627,188161.7647,0.17,7.242647059,1.178921569,8.0,2.0,2.0,1
2.514705882,2.77647e18,647058.8235,165661.7647,0.268823529,8.713235294,1.040686275,1.0,2.0,1.0,1
2.525294118,2.28235e18,345098.0392,51838.23529,0.307647059,9.644607843,1.139705882,5.0,2.0,2.0,1
2.535882353,7.29412e17,588235.2941,264926.4706,0.187647059,8.125,1.016176471,7.0,2.0,1.0,1
2.546470588,4.11765e18,1.08627451e6,208014.7059,0.279411765,7.487745098,1.049509804,8.0,2.0,2.0,1
2.557058824,3.31765e18,552941.1765,215955.8824,0.147647059,5.575980392,1.128921569,2.0,2.0,1.0,1
2.567647059,1.38824e18,415686.2745,278161.7647,0.159411765,8.590686275,1.080882353,4.0,2.0,2.0,1
2.578235294,1.92941e18,1.062745098e6,87573.52941,0.317058824,7.781862745,1.14754902,12.0,2.0,1.0,1
0.640588235,6.35294e17,784313.7255,258308.8235,0.293529412,6.164215686,1.175980392,1.0,2.0,2.0,1
2.599411765,2.35294e18,968627.451,247720.5882,0.233529412,8.517156863,1.117156863,5.0,2.0,1.0,1
2.61,2.70588e18,490196.0784,66397.05882,0.337058824,8.174019608,1.081862745,9.0,2.0,2.0,1
2.620588235,9.64706e17,654901.9608,119338.2353,0.164117647,7.512254902,1.053431373,10.0,2.0,1.0,1
2.631176471,2.91765e18,945098.0392,118014.7059,0.219411765,5.821078431,1.193627451,7.0,2.0,2.0,1
2.641764706,9.17647e17,1.082352941e6,225220.5882,0.248823529,9.473039216,1.16127451,1.0,2.0,1.0,1
2.652352941,3.22353e18,356862.7451,41250.0,0.127647059,7.634803922,1.019117647,4.0,2.0,2.0,1
